0.192871, -0.622897, -9.97615
-1.99275, 0.861085, -9.36048
2.15807, 1.78438, -9.07426
-1.65106, 5.24069, -7.61379
2.59966, 4.25615, -8.37538
5.19279, 1.34308, -8.15038
-2.10031, 7.14561, -6.18991
2.46193, 5.47357, -7.35257
-0.832346, 9.14869, -4.29635
0.991773, 8.90523, -3.78204
2.7445, 7.5137, -5.99166
2.19635, 6.11271, -6.75286
4.36988, 4.56571, -7.10613
5.87322, 5.81499, -4.73763
7.67846, 4.86075, -4.27575
-2.05887, 0.0483333, -9.43841
-5.05965, 1.21378, -8.3979
-4.53573, 4.54665, -6.42403
-7.07127, 1.14304, -6.38353
-7.08768, 2.27484, -5.78083
-9.05473, -0.758489, -4.07369
-7.54701, 3.66228, -4.41178
-7.16243, 4.61127, -4.19076
-2.50209, 5.86212, -6.88578
-4.29985, 6.78312, -4.72688
-1.70966, -2.94064, -9.00279
-1.72893, -5.14381, -7.79447
-4.08856, -0.975263, -8.41078
-2.17007, -7.82103, -5.56108
-5.31149, -6.13429, -5.1954
-3.03571, -8.73133, -3.1913
-5.91791, -6.44592, -4.78268
-7.20852, -3.89422, -4.20744
-6.3183, -3.19477, -5.77286
-8.29111, -3.72185, -2.81979
2.89982, -0.550422, -9.26959
5.52161, -1.47818, -7.12751
1.96121, -5.3116, -7.81713
6.55876, -4.5132, -5.32004
4.4214, -5.676, -6.33451
8.75625, -4.83344, -3.98412
6.58796, -6.55233, -4.17428
2.66374, -6.45406, -5.88057
0.463463, -6.90031, -6.72738
-0.80088, -6.79853, -6.55924
3.16649, -1.53773, -8.79029
7.34737, 2.52703, -5.26189
7.65279, 2.33216, -4.59946
9.21289, 1.0045, -3.97318
5.83692, -1.23307, -6.92242
9.10961, -1.38362, -4.36796
6.58306, 5.87152, -1.21524
4.82051, 7.44468, -1.66115
5.03688, 8.27535, 1.51125
2.94354, 8.74474, -1.719
-1.95085, 9.08869, -1.64192
0.00454628, 9.68366, 0.912557
1.54578, 9.21374, 2.07869
3.35954, 8.86128, 2.5619
1.23171, 9.29496, -0.0127113
2.44239, 8.39523, 4.81752
-2.52524, 8.92657, -2.12612
-7.44869, 5.2442, -2.43137
-4.86196, 7.78331, 0.927122
-7.79826, 4.08535, -2.92458
-8.96693, 0.94761, -0.477373
-8.34909, 4.2126, -0.543938
-8.10233, 4.61679, -1.33381
-5.8324, 6.82655, 2.69879
-8.43032, 4.1588, 0.893774
-8.37687, 4.47058, 3.9071
-8.74263, -3.26353, -1.83494
-7.96111, -4.8218, -2.533
-8.51598, -3.2094, 1.99432
-6.82947, -5.99185, -3.81192
-4.21763, -8.08041, -1.70312
-5.08558, -7.54119, -1.43513
-7.39255, -5.38406, 0.612336
-7.757, -4.91384, 3.24749
-7.72061, -5.4477, 1.89161
-6.62742, -5.90139, 4.78976
-2.68464, -9.23047, -1.44309
1.0313, -8.95365, -2.48247
-1.17624, -9.62219, 1.57281
2.39415, -8.46783, -2.91927
6.70509, -5.70461, -2.27968
5.40613, -7.64345, 0.483274
1.27753, -9.32687, 0.331623
2.79756, -8.3396, 4.49041
4.16684, -7.82898, 3.58856
1.70871, -8.61313, 4.80103
7.66771, -5.00421, -0.693184
8.73475, -1.74393, -3.03532
8.91286, -2.67003, 0.395886
8.8701, 0.513379, -4.08244
8.40718, 2.95553, -1.84758
8.97398, 2.97783, 0.28763
9.19598, 1.54307, 0.644879
9.22822, -1.66003, 0.467278
9.72046, 2.11146, 0.31643
8.89538, -1.07139, 3.91212
8.46651, 4.75453, 0.737355
6.63447, 5.99092, 2.69227
5.93577, 6.11676, 3.55246
5.73522, 2.9766, 6.49718
7.66518, 4.38424, 4.61383
7.89082, 3.65861, 4.07398
-3.96909, 8.88995, 0.629797
-2.14366, 8.81495, 2.98456
-4.0935, 7.44684, 3.58409
-2.55924, 6.41973, 6.46136
-2.92782, 8.98808, 1.94137
1.1839, 8.85214, 3.84371
-9.10327, 0.629888, 0.915211
-9.62937, 0.00102216, 2.0205
-7.35993, -2.45606, 5.69801
-7.35184, 1.6755, 5.48138
-9.14787, 2.52984, 1.42173
-8.85108, 2.97998, 2.10883
-2.80772, -9.09813, 0.666227
-1.61153, -8.76336, 4.10448
0.987472, -7.80649, 4.93635
-2.74659, -8.36304, 5.1329
-3.47791, -8.19777, 1.68539
-5.06254, -6.67009, 4.65958
8.30928, -4.0641, 1.2333
7.84117, -3.4096, 3.29224
7.47535, -3.68207, 4.57748
6.63431, -3.78983, 6.3611
6.58445, -6.3061, 2.8846
3.83387, -7.2036, 4.95206
7.76216, -1.78607, 5.09139
5.36836, 2.82971, 7.02785
5.59287, 1.12994, 7.36298
3.96258, 4.2605, 7.83307
2.65881, 6.99115, 6.02404
3.43389, 5.27467, 7.40953
1.96971, 1.72485, 9.61997
1.83979, -1.80644, 9.23513
0.220412, 1.59325, 9.79912
-1.07888, 0.0148124, 10.0263
-0.617256, 5.61363, 7.69538
-4.35482, 4.38373, 6.95128
-6.59664, 4.33571, 5.4548
-3.64551, 2.20934, 8.7879
-2.86013, 2.76131, 8.51149
-2.70395, 3.26176, 8.91143
-4.98853, 0.401445, 7.70605
-5.73702, -1.9272, 7.14279
-5.11607, -4.95606, 7.0148
-5.35866, -3.80103, 7.2601
-4.79384, -0.988827, 7.60383
-2.34133, -0.925937, 9.1154
-3.34439, -4.67502, 7.47329
-0.961862, -6.03533, 7.0547
3.02854, -6.36564, 6.41543
0.295713, -4.18873, 8.7311
-2.74562, -3.74575, 8.19935
-0.469753, -3.43586, 8.75318
2.57202, -5.23136, 7.60154
4.57955, -3.26478, 7.57757
5.0892, -1.78838, 7.55241
6.38453, 1.4902, 7.01538
6.55333, 6.53053, -3.82499
1.80758, 9.06749, 3.59235
-1.636, 8.22713, 4.5571
3.51955, -3.20608, -8.21069
1.17856, 9.20692, -2.1572
9.17201, -0.924892, -1.94098
8.19653, 2.51433, 3.73591
4.06666, 5.47174, 6.81055
0.660956, -2.54676, -9.25816
9.17646, 1.1551, -2.53821
1.28079, 8.09823, 5.27403
-8.09619, -1.87195, 4.56093
-1.44613, -8.68609, 2.43474
-6.44352, 5.7401, 4.1139
9.38625, -1.32154, -0.00260943
0.869629, 0.653191, -9.66265
-6.29082, -0.398019, -7.5067
4.20207, -7.38301, -3.54332
4.28164, 7.67593, 3.56059
-5.16259, -7.32762, -4.18819
5.85431, 5.28164, 5.03194
-1.31384, -9.71318, -0.177817
0.0907305, 5.03656, -8.67142
5.81735, 4.27017, -6.35542
-4.40088, 8.20178, -3.50444
-3.71595, -6.9499, -5.64557
-6.75646, -6.23873, -2.70117
3.06972, -8.00421, 5.62639
-4.48398, 7.49981, 2.68352
-1.81927, -7.84999, 4.93302
1.182, 9.37176, -2.77563
3.64549, 8.55977, 0.151433
9.37684, -0.235994, -3.38818
8.57515, 4.09238, 0.988914
-1.30826, 4.32034, 8.15185
-6.77976, -2.29584, 6.02379
-1.54516, 3.47995, -8.50344
-5.76041, 2.00803, -7.79274
6.60495, 2.47738, -6.10607
5.82619, 6.66645, -3.72912
8.21026, -3.48135, -2.6357
-3.74822, -3.1532, 8.16238
-1.22909, -0.973388, -9.48693
4.94675, 3.95312, -7.12024
3.50879, 7.08147, -5.64902
7.03073, 5.18732, -5.0823
-4.8287, -5.43043, -6.00817
-8.65623, 1.63544, -3.60495
-5.00523, -5.1369, 6.01682
-4.88039, 2.46027, 7.6012
2.78131, -2.51634, 8.77594
-5.93971, 5.22102, -4.96763
-7.65714, -0.701215, -5.51145
-8.80453, -1.42604, 0.568779
8.6039, -1.89689, 3.55166
-2.55637, -5.57012, -7.29663
-6.16912, -5.55157, -5.34722
1.67742, 3.75728, -8.76347
-0.57865, 8.09695, -4.88327
-5.83206, -0.673149, -7.6806
-3.83127, -2.83583, -7.83251
4.95352, 7.77278, 0.121716
2.92228, 9.09392, 3.53248
-8.11395, -4.71383, -1.05412
-0.128548, -8.31388, -4.8467
0.257044, -9.19152, -1.89067
4.19574, -8.56885, -0.0164742
3.50688, -7.91834, 3.26809
9.51426, -1.26363, 3.45181
-6.08709, 4.74323, 5.62895
-0.642412, -4.98707, 7.85578
4.93812, 0.284996, -7.80398
-5.14221, 7.72004, -0.290242
0.810336, 6.47593, 6.80813
5.53142, -6.07397, -4.72686
-7.8193, 4.87845, 2.90793
9.19452, -0.27867, 2.83653
-6.03345, -4.58902, 6.7203
-8.63911, 1.13838, -3.64566
8.15672, -1.24889, -4.7719
7.35817, -2.14591, -5.09767
-8.62112, 2.61767, -2.12342
-8.53593, -0.748003, -4.06495
-7.15044, -5.84269, -3.4086
0.41712, -8.81151, 2.73537
-8.4426, 3.61117, 3.02508
7.17875, -0.134501, 5.76524
-2.48028, 2.82688, 8.4284
-3.57419, 1.39765, 8.5431
1.0492, 6.50175, -6.7912
-6.01015, 6.94238, 0.0240308
2.6737, 3.21626, 8.37406
2.24643, -0.803672, 9.16717
4.76338, -5.69274, 5.96045
6.55327, -2.12422, 6.24705
-1.96601, 1.84346, -8.96552
3.19874, 4.39644, -7.99622
-7.67011, 2.30854, -5.32589
-0.308679, -1.83307, -9.3884
6.60056, -6.23929, -4.74561
8.08325, 2.50103, -3.85385
5.73816, -5.82095, 5.05115
1.3899, -2.94417, 9.08883
2.42585, -3.25814, -8.7781
2.25692, -5.77926, -7.35097
-6.49267, 1.38293, 6.23118
-3.53887, -7.51218, -5.1037
7.56266, -5.78617, 0.100053
5.26008, -7.36219, 3.21463
7.76719, 0.507043, 5.5307
-2.90523, 8.03744, -3.79918
-7.14749, 5.41584, -3.59968
5.54509, -5.49065, -5.37419
-4.95193, -7.48692, 0.88248
-7.5241, -4.59492, 4.73655
7.81635, 5.10529, 1.92755
3.52585, 7.80943, 4.1102
7.24903, -5.32821, -3.94206
2.38567, -9.13925, -0.67596
-3.46422, 9.35197, 0.6329
-8.52411, -2.55015, 1.48532
-0.763592, 7.35188, 6.46553
-1.91827, -7.23242, 5.52326
2.19891, -7.39124, 5.9444
0.214359, 9.23499, -0.442956
-6.91844, -1.77639, 5.53599
-8.32901, 2.11201, 3.15305
5.76979, -6.53154, 4.57737
-0.550711, -8.22855, -5.23748
8.92175, -0.170535, -4.04881
5.17154, -7.20374, -2.4538
9.17573, -1.80916, 2.1295
-8.66647, -0.428398, -5.09862
-9.11976, 1.51728, 1.2545
-3.20843, 6.89519, -5.48894
0.150188, -4.34512, -8.52291
-5.92176, 6.03396, 4.25736
3.63031, 0.316168, -8.73095
-5.00365, 8.43854, -2.92576
-6.69317, 6.62089, -0.140572
-8.509, -3.24512, 2.46781
7.56446, -4.73572, 3.18784
1.01416, 7.07333, 6.22386
-0.22687, -0.630116, 9.84334
-7.46356, 7.31907, 1.81363
7.70727, 5.555, 0.571947
-7.15062, -4.52746, 5.16169
-4.75792, -7.53593, 3.417
-2.94516, -7.12063, 5.38554
6.32081, 5.9272, -4.3599
-3.13424, -1.3557, -8.73733
0.488462, 9.20699, 2.43267
-6.39688, -6.10749, 4.25958
-0.0793304, 9.17471, 2.88312
-0.0238736, 2.74056, 9.18997
0.194102, 2.40945, -9.11386
2.10999, 8.61745, 4.40012
-4.73991, -7.77927, 2.93167
1.37371, 1.03968, 9.79209
1.27604, -3.547, -8.78311
2.41048, 8.46452, -4.14141
-0.950015, 8.87991, -2.93901
8.79801, -2.36869, -1.52336
-0.241699, 8.97456, -3.49793
8.99886, -0.334349, -1.75472
-0.995034, -9.75128, 0.691929
-4.74836, 1.78897, 7.82181
-2.27891, 0.744325, 9.18657
9.35894, 0.020459, 0.141041
-2.23954, 5.27081, 7.31451
-5.59955, -6.75254, -3.76916
4.36392, -3.47605, -7.06839
-5.73638, -7.10714, -3.03389
-1.57024, -9.35234, -0.572166
6.454, 2.57672, 6.27727
8.18854, 0.525215, 4.94328
6.03014, 4.30036, -5.71891
-8.68034, -5.05362, -0.554505
5.45192, 4.88154, 6.0887
4.86834, 3.69349, 7.92967
2.05752, -4.3461, 8.64662
3.13352, -3.78514, -8.15865
3.29979, 5.7625, 6.59248
-7.9271, -4.06037, 3.73689
4.00409, -6.19441, -5.91233
3.21949, 8.09616, -3.90194
-3.6331, -2.13115, 8.53185
1.68001, -7.78322, 4.99082
5.16383, 4.23269, 7.19843
-4.24722, -7.78076, -3.58399
7.25681, 3.89792, 4.63267
-5.1227, -3.94376, -6.48267
1.78729, -4.50871, -8.40669
4.36048, 8.1909, 1.69164
-3.43868, -8.73911, -0.23741
-3.21077, 8.15835, 3.70851
5.82257, 6.98458, 2.13674
-0.741823, 4.22454, -8.48179
-3.65899, 2.98845, -7.72453
3.12486, -8.13633, 4.92854
-1.86952, -8.45103, 4.36037
-6.23885, -2.2554, -6.30753
-7.26506, -1.40117, -5.42107
-1.25795, -2.48983, 8.95615
-1.36322, -9.30027, -1.65162
-8.35835, 1.48385, 3.29105
-0.91623, -8.5123, 3.92404
-6.6758, -3.27911, 6.03451
8.34571, -4.5355, -3.2799
-8.17804, 2.93408, -3.8303
8.82685, -0.298287, 3.36404
-5.72011, -5.46434, 5.80958
-6.72799, 4.24444, -4.74372
-5.12827, -5.69839, -5.61057
2.41356, -6.02732, -6.82783
7.99698, 1.60566, -4.24123
-5.38209, 5.4777, 5.41681
-6.7973, 6.14845, 1.91075
-0.53265, 3.86804, -8.78522
-1.39001, -0.23266, -9.52178
6.25383, 7.14591, -0.88874
1.63772, 9.1151, -1.22016
7.6871, 4.1645, -2.92241
-2.92966, 7.98807, 4.36903
7.38444, -2.59931, 4.70776
6.43647, 3.12227, 6.26301
-5.18674, 7.25581, -2.84807
-2.66691, 1.72241, -8.8058
-4.32921, -5.85851, 5.98591
3.67536, -1.71507, 8.42266
-4.22727, 5.68999, -5.83986
-8.8241, -2.9756, 0.422999
3.08901, 6.10052, -6.61068
-2.75072, -6.24758, -6.56227
-5.77352, -4.12421, 6.76465
4.09643, -7.72071, 5.05363
7.55897, 3.63047, -3.83322
-6.56297, -6.15097, -4.14774
-1.87939, -8.89269, -2.48609
0.843411, -9.43452, -0.640059
2.4441, 7.78096, -5.06624
6.00413, 6.34425, -2.31639
1.94621, 9.11037, 2.88796
0.0651682, 7.79863, 5.38133
2.00849, 1.28743, -9.18301
-5.61358, 5.89546, -4.36336
8.09241, -0.161043, 5.6345
-9.07247, -0.536904, 1.25886
7.29868, -5.7953, 1.84937
2.08567, 4.18247, 8.03519
-2.74377, -2.86132, 8.66514
-2.828, -8.97919, -0.877819
3.69568, 5.20107, -7.02854
0.495246, 6.57048, -6.74031
7.81001, 4.09115, -4.54198
-9.28785, -0.0288192, -0.362428
-5.30755, -6.92551, 3.76671
-6.25801, -1.31802, 5.87556
-4.52153, -4.27923, 7.5944
5.68044, 3.14777, -6.67535
-6.7177, -6.01896, -2.23579
8.90006, -1.5666, 3.20837
-0.708665, 4.8157, 7.98065
3.87421, 2.74112, 8.017
1.4599, 0.573622, 9.69142
-0.524403, -6.16944, -7.1181
3.78442, 8.19089, -1.50319
7.87418, -4.10788, -3.04272
8.4677, -3.66634, 1.00158
8.22176, 4.85574, 0.065967
7.89763, 4.24039, 3.90358
-4.26, -8.34441, 0.0851524
-3.40834, 3.83875, 8.037
4.03351, -4.7872, 7.52439
-1.72692, 7.58304, 5.75665
1.21468, 9.04275, -0.25846
8.15192, 3.86823, 2.79468
-5.78141, 3.28382, 6.8837
-6.94146, 5.66269, 1.47831
7.22444, -4.28361, -4.73229
-8.50722, 4.03064, 2.28116
-4.39745, 1.5144, 8.0976
-6.17782, 2.8735, 7.01743
-8.71483, 0.608807, 2.69024
6.68311, -5.91291, -5.16181
-7.43781, 4.56057, 4.62944
9.44869, -0.300819, 1.14337
-3.67828, 0.811593, 8.5264
3.17024, 8.38092, 4.84888
-7.40087, 3.01138, 4.95186
1.97575, 3.22634, 8.65088
9.05477, 1.4485, -2.96826
-0.984806, 8.42789, -4.32968
-9.25302, 0.078007, -4.19634
-2.94817, 4.52382, -7.84129
2.02822, 7.55909, 5.62695
-7.99805, 4.80704, -0.121794
-8.41089, -4.22953, -1.78567
5.79553, -7.30643, 0.448957
0.546542, -1.61522, 9.34856
-5.14141, -0.488298, -8.2127
4.5137, 3.31242, -8.07963
-5.68078, -2.10593, -6.98142
-7.57228, -3.67309, -3.73944
5.46559, -6.47421, -4.04541
5.47371, -4.65763, 6.24319
-3.91454, 8.34173, 2.25798
-3.40636, -2.95083, -7.99315
5.85195, -1.71711, -6.80246
-0.687443, 3.35953, -8.7446
-7.8055, 1.0163, -5.53211
-3.36771, -8.11849, -4.22272
7.96177, -4.74941, 1.03207
5.69647, -3.69869, -5.58609
5.77432, 6.29503, -4.85426
-6.15785, 0.762132, -7.36439
-6.94462, -4.73144, -5.11174
2.43046, -8.00891, 3.85231
9.09161, 1.45978, 1.82315
4.72346, 7.08638, 4.19878
-5.2318, 4.36743, 6.60611
0.419817, -5.13535, 7.81486
8.84531, -1.16371, -3.98731
-0.515286, 7.69873, -5.49552
4.78675, -8.21304, -0.456242
0.97081, -6.09004, -7.17088
-6.39483, 5.31485, -3.85572
-5.88351, -6.87664, 0.65705
6.85463, 4.34713, 4.28262
8.488, 0.264319, -4.69248
-1.20896, -9.04993, -3.65315
4.60355, 8.19274, 0.61708
-1.21901, 9.43533, 0.393158
-4.82468, 6.56069, -4.43922
3.43708, -7.15707, -4.68035
-4.32003, -7.27313, -4.59769
5.18395, 6.73649, -4.68238
-3.2581, -4.70842, -7.19186
8.57902, 1.01729, 3.63577
5.59345, -1.14107, 7.29284
-1.07453, 6.97798, -6.28295
-8.01255, -2.01258, 2.92038
-1.92461, -2.26445, -8.9595
1.50719, -1.16494, -9.49065
7.75122, -1.94577, -4.81936
7.42183, -5.6269, -0.448372
4.17241, 1.46506, 8.11014
2.71616, 6.02476, 6.72034
2.67943, 1.06308, 9.25399
-0.562536, 0.226942, 9.99601
6.40158, 6.00198, -2.89322
-1.41013, -6.84361, -6.51694
-6.25362, -6.55385, -0.372404
5.59541, -5.36518, -4.93129
3.25297, 2.51487, -8.69227
-6.99741, 0.0442631, -6.69598
2.09244, -0.530998, -9.43421
-0.383375, 1.15933, -9.65334
8.33808, -5.50727, -3.86141
3.53575, 7.99745, 3.647
6.40633, -5.21051, 4.92255
3.86019, -7.41746, 5.82037
-6.67581, 0.140408, 5.85087
6.98772, 4.15332, -5.76989
0.256088, 4.80561, -7.89625
-8.1441, 3.49816, -2.07497
7.00658, -5.51977, 3.39742
0.666966, -3.25998, 9.01918
6.21967, -6.24883, -3.05339
1.44344, 3.09891, -8.95496
-6.43986, 0.258007, -7.30341
-0.566825, -5.50594, -7.66388
7.07471, 0.748785, -5.49946
-8.77411, -1.68914, -1.48171
-5.50926, -7.28702, -2.43408
-8.05008, -4.45182, 1.07219
-0.842986, 9.33632, 1.2833
0.511155, -9.05774, 1.79277
-5.20867, 7.59072, -0.994783
0.996687, 9.06921, -1.5039
5.19528, -6.98499, 4.54568
4.55466, 1.11269, -8.39638
0.994804, -3.64067, -8.74151
-7.59402, 5.08714, -3.05044
-2.45422, 9.15961, 1.44809
3.09989, -8.81674, 0.421277
7.29204, -5.55547, -4.38876
-1.22796, -8.4827, -4.86373
-7.46301, 3.78071, -3.8996
-8.71927, 3.06587, -1.01325
6.36511, -6.71631, -1.09237
-8.65128, 3.26889, 0.703021
6.39256, -1.82358, 6.41743
6.16981, 2.2824, -6.43603
4.14579, -5.16373, 6.81236
5.86665, -6.90405, 2.78489
6.94106, 1.40811, 6.03633
3.14409, 6.66313, 6.01493
-4.35765, 8.43792, -0.227159
-1.00679, 6.63395, 6.61013
0.280021, -6.95066, 6.09647
6.87325, -5.22682, 4.26151
0.27765, 9.27253, 1.96155
-7.12712, -5.42247, 4.81877
4.6205, -7.98409, -1.45149
-7.83636, 0.451675, 4.4415
-6.90931, 1.67582, -6.48634
-8.97226, -0.456168, -0.940233
-7.46679, -5.27004, 3.54886
2.70188, -7.42037, 5.62309
-2.99935, -7.51534, 5.22777
0.75501, 1.97971, 9.61712
1.4161, 8.5246, 4.52111
-7.94922, 3.07636, -4.60254
-3.96086, 8.70513, -2.53291
9.43457, 0.150123, -2.57117
9.48073, -0.657862, 1.6817
-7.22863, -3.46558, 5.38692
1.82456, -2.45526, -9.0184
-6.89732, -1.69173, 5.03736
-7.83222, -5.03664, 2.23403
-7.47645, 6.69157, 1.01383
-3.458, 0.631152, -8.86317
-1.16206, 5.77843, 7.55445
0.998505, -6.27207, 6.88101
5.12802, -0.317325, -7.35359
-3.77399, 8.72478, -1.13788
-7.47282, 5.40035, -0.273258
-2.75882, -7.61125, 5.46994
-0.978533, 2.10897, 9.22694
-0.415921, 9.0204, -2.38329
4.97046, 5.47224, 5.95905
1.92901, 8.78636, -2.79002
-8.25368, 0.526529, -5.15018
-7.86267, -3.72637, -2.73262
-1.10612, -3.47441, -8.75943
3.06625, 0.637371, 9.14128
8.18239, 1.04262, -4.59154
-8.00433, -4.93536, 2.73619
-2.2968, -8.26016, 3.33702
5.04002, -6.24433, -4.25039
0.416008, -9.6328, -0.241594
-2.05994, -1.58634, -9.25252
1.96869, -9.40158, 0.564835
0.301967, 9.00071, 3.28133
6.00559, -4.06812, 6.31772
7.09234, 6.09265, -0.493467
8.39996, -2.58903, -2.95256
5.4514, -2.48704, -6.95132
3.21098, -5.04375, -6.81508
1.17177, 9.34042, 0.519046
7.79154, 2.16485, 4.64464
3.91816, -3.01225, 8.04142
-5.53208, 7.13947, 0.905947
-0.40996, -3.13099, -9.10544
0.615646, 2.99609, -8.96222
9.02332, 1.64511, -0.524819
-2.15856, -4.76133, 7.54724
1.48791, 7.61506, -5.8563
-6.78904, 6.95939, 2.35055
-5.75097, -7.06439, -4.27228
-4.25249, 7.98129, 2.64846
-8.75096, -0.479645, 2.52438
-3.67449, 8.84518, -4.16827
-4.97204, 6.23158, 4.70027
-6.30158, -3.76454, -5.49218
8.14262, -2.87458, 3.26293
-3.51576, -5.13219, 6.89138
5.02082, 6.91381, -3.27665
-9.01909, 2.18571, 0.519858
-1.82501, -5.9781, 6.71227
1.23611, -7.33185, 5.29668
-3.5871, -8.44459, -1.55109
3.01174, -4.82541, -7.92092
3.64432, -7.84896, 4.00993
8.1287, 4.94957, 1.33352
1.2474, -4.2862, 8.33631
4.30818, -6.30969, -5.10526
-1.26814, -8.12853, 4.92705
-1.84913, -0.766131, 9.41596
-2.03013, 8.28723, -3.95126
3.65197, -6.79838, -5.20176
-1.50659, 4.77205, -8.00076
-5.51289, -5.91663, -5.1493
4.33519, 4.61221, 7.40002
1.70631, -0.183438, 9.42853
3.54845, -8.76253, -0.0103404
-4.89359, 8.00115, -2.23372
-6.79916, -3.56298, 5.90609
6.62023, 5.35301, -4.70999
-6.51756, -6.466, 2.5708
-1.35504, 8.9824, 3.35206
3.19989, 7.86234, -4.55665
0.310933, 8.96263, -4.22641
-5.14246, 2.93301, 7.23109
-4.04482, -1.48159, 8.23146
-5.37492, -4.89711, -6.08985
5.94541, 2.07274, 7.01061
-3.12782, 6.04422, -6.32173
-1.90674, 9.25074, -0.633696
-6.69464, -6.38986, 1.71184
6.98599, -6.12678, 2.09001
3.58107, -3.95368, -7.87397
-4.56534, 7.65397, -3.55239
-6.73769, 6.05069, -1.14586
-0.300944, 6.8484, 6.91646
-1.70672, 2.42494, 8.96912
1.92031, -4.05289, -8.47622
-6.0361, -4.78812, 5.84561
-2.70406, 2.63477, -8.34381
-0.73525, -1.31808, -9.50739
-5.08126, -6.57096, -4.95701
4.53273, 6.69358, 4.85525
-1.81545, 6.5156, -7.17813
2.22252, 7.96811, 5.24801
5.91809, 7.19068, 0.828236
-8.01023, 2.49778, 3.90441
-0.168085, -3.39509, -8.90618
9.16624, -1.34594, -0.692953
5.28173, 7.4845, -0.743471
-3.88661, -8.00313, -3.58632
2.46599, -8.14016, 4.95283
-7.3304, 2.41882, 5.27709
-3.41599, 7.09285, 4.78641
0.193765, -8.13742, -5.15137
-3.34892, 8.27137, 2.95501
-2.04625, 3.92208, 8.15236
-4.74798, -2.52843, 7.70477
-5.28376, -5.86806, 5.50752
-3.61807, 7.75305, -4.59192
7.05192, 2.5344, 5.51083
0.406798, 8.0134, -5.01476
3.17266, -2.18624, -8.65444
1.60502, -7.89533, 5.69437
-3.38153, 3.30743, 8.47699
9.10001, 0.648773, -0.898273
2.8774, -3.04232, 8.52299
-1.87372, -9.56028, 1.24351
2.35265, -4.63122, 8.16246
3.20155, 8.74947, 1.00576
4.78976, 7.5515, 2.97921
8.71284, -0.0107688, 3.89925
1.56504, 9.0223, -2.48358
2.86008, 8.92461, 2.89733
-7.06394, 6.35411, 0.642403
-1.31855, 6.47376, -6.78991
2.09175, 5.02461, -7.81881
0.861136, 8.2632, -4.39985
-4.38849, -5.79916, -6.04172
7.78629, 3.24872, -4.15553
-2.55969, -8.83174, -1.806
7.102, -2.957, 5.17277
-2.71076, 2.02115, 8.63787
-2.73006, -1.81319, 8.75988
-0.679108, -9.23951, 1.76459
6.56942, 3.38236, -6.00471
9.31849, -2.06885, 2.74324
5.69023, 4.43929, 6.07799
5.49466, 3.79048, 6.6481
-7.86492, -2.62179, -3.7012
-6.40526, 3.90388, -5.25249
-4.67152, 7.36814, -3.85461
-4.44698, -6.00706, 5.42027
3.53979, -0.733194, 8.58989
-6.74553, -5.49531, -4.21335
-3.32618, -2.64457, 8.24754
3.89646, 3.12658, 7.56096
-3.44175, 3.67029, -7.49631
2.10477, 8.99984, -1.88862
0.230593, -7.72275, 5.03584
-5.82944, -1.27485, -7.43247
0.87493, -9.29692, -1.26463
5.33797, 4.90115, -6.17542
-5.57554, 1.35535, -7.84701
-2.23546, -8.40806, 4.3386
-0.494103, -9.46593, -1.22915
-6.77598, 5.97387, 2.18671
7.13923, 3.25609, -5.37322
-9.38047, 0.591112, 1.32627
-0.833279, -8.53084, 3.13555
2.99323, -5.38751, 7.3433
-0.521984, 5.25619, -8.39672
3.21984, 2.16369, 8.47873
-5.98461, -6.82788, 3.01831
-7.69571, -2.67737, 5.09951
-0.417065, -8.10349, 4.27974
-5.13844, 5.95922, -4.89215
7.52326, -5.06696, 2.56076
-4.96541, 3.93215, 6.94545
8.00592, -4.47987, -4.00591
2.80265, 2.11289, -8.8951
-2.52096, -8.71099, -3.31499
-6.15438, -4.43054, -5.68893
-6.01987, -2.76732, -6.42749
-8.31312, -4.31326, -2.61031
-8.13826, -2.29965, 4.70902
-2.20307, 4.49097, -8.09394
-9.27492, -0.311922, 0.433806
-7.44375, -4.78149, -2.37278
-0.199041, -1.16775, 9.43116
8.59236, -0.364128, -4.40145
-6.84994, -0.844102, -6.53163
3.46156, 4.04225, 7.72895
-8.12724, 0.910997, 3.93766
8.70669, 2.11892, -2.97215
4.29243, 5.7965, -6.17947
4.48813, 2.68057, 7.74873
6.75212, -6.70108, 0.505812
-5.99092, -7.05212, -3.81056
-8.86272, -3.22786, -0.960491
-8.61644, 1.96745, -4.14149
-3.76198, 5.85321, 5.89185
-2.70631, -7.43049, -5.67368
4.90828, 3.39863, -7.47406
-1.06843, 7.95629, 5.34877
-4.74709, -1.66352, -7.83159
7.64379, 4.79826, -3.66748
-2.53899, -8.01871, -5.2008
8.45345, -0.167011, 4.72699
5.84547, 3.78464, 6.10215
7.95474, -4.38422, 2.12068
0.518547, 8.12765, 5.07635
3.69689, 8.42397, 3.08927
5.38125, 5.49904, 5.45981
-1.46873, -9.5654, 0.256192
-8.76226, 0.730324, -3.11434
-5.84669, 4.75994, -5.38903
3.64174, 8.69448, 4.64513
0.233555, -8.43325, -4.20133
-6.41709, 5.11616, 4.98341
-6.26717, -3.78119, 6.65166
6.99582, -3.15553, -5.10456
9.30973, -0.612371, -0.406873
0.445876, -0.0202364, -9.79194
-8.76042, -2.04609, 0.210406
-0.424708, -8.89551, -3.09538
-3.06505, -9.00059, 0.051309
2.62598, 4.6742, -7.94959
-6.87787, -5.85157, -1.50107
8.66679, -0.713196, 3.48432
0.801775, 0.928468, 9.77154
-7.68521, 4.31384, 4.22658
-1.79513, 7.32498, -5.7329
-1.82095, -9.51977, -1.26145
0.469769, -10.2414, 1.10653
8.83487, 3.3743, 0.630523
9.4384, -0.060277, 1.37901
-2.76383, 4.30847, 7.93212
-4.63971, -4.75236, 7.08274
-1.85405, 8.31542, 4.44754
7.93605, 3.26091, 3.64923
-1.03991, 1.84788, -9.14474
7.80946, -4.79522, -2.98924
-7.92301, -0.971726, 3.46143
-2.68627, 5.70918, 6.80996
8.00803, 1.04493, 4.7948
-0.194538, 4.51152, -8.53541
-0.958942, 8.69939, 3.89083
-0.254503, 5.13137, -7.79378
2.93115, 8.68959, 4.56585
2.6776, 7.63428, 5.15889
-2.53455, -8.53044, -4.18776
3.0839, 8.54175, 3.30959
-2.69535, 5.01267, -7.25737
2.1946, 0.652855, -9.26023
6.61102, -5.29363, -5.21361
-8.01135, 4.20083, -2.32933
-6.28052, -1.36451, 6.47711
-0.834521, -4.23648, 8.23627
6.19918, 0.943961, 7.07386
-6.76216, -6.02273, -3.45363
-8.06033, -0.597207, -4.55899
8.14616, -1.12775, 5.01371
-6.51931, -4.96678, -4.84703
-4.17839, 0.411474, 8.2155
7.3576, 5.66128, 2.11477
6.42679, 4.16556, 5.09803
-4.97691, -3.89598, 6.9795
8.04261, -2.66815, -3.82442
2.1153, 8.8275, -0.851683
9.47795, -0.655932, 0.273044
-8.44592, 3.88263, 0.241473
-1.9034, -3.57534, -8.39291
7.35838, -6.01651, 1.17207
4.72509, 8.22882, 1.19419
-2.06892, 9.32704, 0.602296
4.36501, 2.76305, -8.14901
-6.70289, 2.22027, -6.20967
3.29763, -6.45939, -5.76763
1.99018, 9.14338, 0.909265
-5.3862, -3.08158, 7.14416
0.378101, -6.322, 6.83685
-4.00931, -4.6066, -6.86009
-0.0311044, 8.90768, -4.16102
1.49313, 5.17072, 7.57469
-0.875259, 3.45937, 8.63733
-0.158087, 1.93447, -9.26098
-4.98956, -7.78579, 0.0153662
-2.12329, 8.70646, 4.02299
2.01914, -9.04601, -1.28257
5.58574, 6.42364, -2.95823
-4.53167, -8.21646, 0.511964
-8.99642, -0.41049, -4.16119
-1.1372, -1.74786, 9.20277
5.97112, -4.9058, 5.63776
1.67176, -8.2561, -3.78304
-1.26469, 0.972722, -9.4609
3.13399, 3.52431, -8.40477
-3.79933, 6.20155, -5.72648
-8.43481, -4.13338, 0.495343
5.28616, 6.2834, 4.44227
-6.79689, 2.33432, 6.203
7.76344, 2.88151, -3.93251
7.3261, 4.96132, -2.37701
7.82333, 4.68438, -4.84879
7.45376, 4.30659, 3.50486
5.90148, 6.9156, -4.47001
6.18476, 4.88237, -5.64192
-8.12188, -3.04285, -2.68169
-7.94605, 4.88169, 1.55764
-8.43545, 4.20646, 3.21104
7.96534, 4.6727, -0.540185
7.60963, 3.89935, 4.70512
6.9344, -3.74181, 5.59055
4.90382, 0.322542, 7.86049
-6.55907, 3.62844, 6.03017
3.9917, 8.19039, -0.461893
8.64555, 3.68156, 1.76344
-5.94255, -2.32717, 6.80704
7.05104, 4.34716, -5.35473
5.02411, -7.87482, 0.381169
9.68002, -0.812701, 3.18906
-3.63739, -7.76087, -4.65652
8.57771, 4.07028, 0.0703787
-3.38018, -0.501365, 8.63423
7.0091, -5.52323, -3.1733
-5.10894, 0.31297, -8.12393
8.88139, 2.41049, 1.85448
-5.86004, 3.83446, 6.61733
0.920835, -5.5847, 7.51223
8.02776, 0.122715, -4.98311
8.20443, -2.25492, -3.93016
0.607214, -2.33218, 9.23236
2.59436, -5.92362, 6.94589
1.58378, 6.44858, -6.59639
5.40684, 7.71869, 1.67342
0.547928, -8.51987, -3.74302
-4.28532, -6.53386, 5.30398
4.52608, -6.68053, 5.13564
-3.47662, -6.59871, -6.1293
-5.05383, -0.998988, -8.41748
-1.23768, -4.72357, 8.0008
7.08367, -1.6353, -5.42113
-7.73502, 3.60245, 4.22227
5.92282, -0.476566, 7.12085
0.384095, 7.01165, -6.36996
-1.47078, 8.07242, -4.64841
-6.11572, 5.55887, -3.81216
2.44265, -1.44163, -9.05487
3.41169, 0.7456, 8.62061
4.26978, -8.29029, 0.770597
-3.43048, -2.02413, -8.37637
0.0470486, -6.58568, -7.1862
8.17825, -1.55518, -4.45901
5.82613, 7.12414, -0.841871
-0.411397, 9.38405, 0.406856
6.64437, -6.11041, -1.56326
-1.57721, 6.81819, 6.51563
-7.39285, 0.935934, 5.12177
2.13054, 2.53269, 9.04908
1.01261, 8.79477, -3.15942
9.37008, -0.728893, -2.53334
0.283216, 3.4356, -8.89631
1.47312, -7.18224, 6.18539
-1.43338, -7.77371, -5.70766
6.25474, 6.7842, 0.0379362
7.98423, -2.09069, 4.33811
-9.00708, 1.089, 0.517273
-4.63453, -3.35973, 7.53467
-1.71957, -6.14, -6.92884
-3.94686, 3.21989, 8.09972
-7.00361, 3.92528, 5.2092
5.59871, -7.41374, -0.922179
0.178758, -5.84759, -7.51425
7.93685, -5.30718, -3.26548
-1.35359, 9.1236, 2.45961
-1.68637, 6.53157, 6.81307
3.15892, -7.18776, 5.57273
1.66197, 8.64291, 4.38879
-2.7056, 0.385379, -9.22679
-1.06767, 9.04657, -3.56858
-8.45234, -0.848318, -5.27445
-0.72576, -2.79561, -9.29509
7.59818, -0.842949, 6.02495
0.900446, 9.12605, -2.45318
3.63779, -7.67974, 5.38447
-0.479775, 7.46542, 6.05243
-7.57471, -1.80931, 4.82008
1.19806, -7.05416, -6.11425
-5.63478, -0.605808, 6.70249
4.62123, 7.44862, -2.17284
9.13385, -2.11848, 1.14248
-5.03038, 1.12246, 7.66161
0.81666, 3.69894, 8.59042
5.4334, -3.09096, -6.57833
1.06865, -8.26165, 3.69075
-4.64619, -7.62968, 1.75168
-7.70454, -2.69444, 4.21726
2.37, 4.7813, 7.59233
0.274085, 0.685192, 9.84212
-7.92041, -4.94767, -0.767733
-1.15935, -5.22995, -7.67647
6.4306, -6.84383, -0.0712771
-8.54786, 3.3808, 1.97834
-6.22019, 1.39975, -6.94813
0.510523, 2.39897, -9.00208
-0.109755, -1.24789, -10.0347
6.12459, -6.42517, -4.62866
7.1784, 5.66555, -0.756414
-8.87616, 1.75481, -2.13321
-7.59642, 5.1398, -0.936215
9.15922, 2.8344, 0.332975
-8.78881, 1.15353, 1.58102
3.87894, 5.42209, 7.34462
-6.0188, -0.064778, 6.52619
-3.65857, -3.69396, 8.03946
2.5211, 9.20069, 3.6227
5.25843, 4.25247, -6.56652
2.56841, 6.696, -6.33542
9.18853, 0.616174, 2.04328
6.81382, -5.5716, -3.95903
8.73716, 2.54322, -3.10924
6.02879, -4.07351, -5.32936
0.963596, 9.23479, 2.17715
0.849617, -4.82401, -8.1816
-5.66688, -3.4317, 6.87283
-3.45734, -6.96343, 5.19648
-2.03871, 5.03016, -7.92682
-7.26706, 1.65265, -5.92296
-6.02468, 6.05153, -3.24745
-7.68225, -0.106569, -5.81619
1.22223, -0.294574, -9.71122
5.71415, -6.74021, 3.75544
8.70609, 3.14467, -0.387103
4.21297, 1.82497, -8.41309
5.87964, 5.52583, -5.25648
8.27825, -4.91325, -4.08961
2.8051, 8.96007, 1.89812
-6.79327, 5.69525, -2.11279
-8.80275, -2.35191, -1.04675
-7.8478, -4.85637, -0.0741598
5.23135, -7.4299, 1.58644
2.2116, -8.39538, 4.20042
8.83653, -2.86647, -0.427642
1.9938, 6.69498, 6.4857
-3.27767, 5.01564, 7.05379
-2.92256, -1.24461, 8.90986
4.50369, -4.30643, 7.14808
-6.00535, 1.07341, -7.82257
-5.93614, 2.15905, 6.75638
-3.54067, -7.96947, 3.14035
3.88211, -8.24811, 4.33379
-1.58284, -8.77831, -4.00658
5.27298, -0.348772, 7.59568
8.28632, -4.10887, 0.326825
-8.38653, -1.1686, -2.74134
-7.83249, -4.89159, 1.51655
1.92842, -9.04461, 1.07969
-5.54531, 7.18882, -1.93754
-3.38834, 8.94804, 1.14344
-5.43637, -6.21082, 5.10096
8.79826, -1.81877, -2.22509
0.305857, 6.21738, 7.15584
9.51961, -0.326756, -2.28803
-5.19944, -7.34439, -2.90415
1.59478, -3.98024, -8.5547
-3.6232, -8.53473, -1.00498
7.61742, -4.65731, -3.4828
6.07657, -5.33491, -5.60126
-4.26654, 0.695935, -8.49744
-7.29331, -2.83991, -4.72932
6.81388, 5.28642, 3.41498
-0.204189, 7.12095, -6.22311
7.23041, -1.45754, 5.36418
4.40809, -5.29493, 6.4961
3.89508, 7.25698, 4.72906
-0.11559, -7.24776, 5.73617
-1.49553, 5.51175, 7.46958
-0.465553, 2.54386, 9.14549
0.393676, 9.02548, -2.86707
-8.57424, 0.141067, -4.52613
-2.41618, -0.677697, -9.19968
-4.22691, 8.48741, 0.574359
-2.51313, -9.31569, 0.272645
-2.3978, -5.74763, -6.94252
-6.88529, -4.94925, -4.02024
-8.03423, 2.40277, -4.50677
-6.87332, 4.9626, -4.31179
3.14921, 7.90017, 4.94825
-8.78186, 2.03458, 1.46802
1.05464, 3.18519, 8.89884
2.36213, 8.74134, 4.07998
3.93617, -2.23694, -8.06255
4.51694, 7.14765, -3.95
-0.343501, 2.513, -8.93822
-0.635184, -2.14142, -9.30035
-2.57566, -6.8302, -6.21578
4.7056, -5.48858, -5.5865
-6.07249, 1.29478, 6.6928
3.73567, 1.1682, -8.69008
1.11814, -3.27864, -8.86001
-7.60194, 3.66674, -3.60371
-8.40164, 0.251625, 3.42182
9.30444, 0.911923, -3.29791
-6.78453, 6.90066, 0.966921
-3.61241, 1.67267, -8.4957
0.632895, 9.27211, 0.849006
7.46572, 2.70801, 4.94826
-5.07482, 7.40006, 1.48107
-6.97504, 5.47757, 3.51965
-8.31969, 1.6731, -4.79859
6.26078, -6.2903, 3.57278
4.29664, 0.314783, -8.41718
9.1026, -1.19685, -1.0885
3.51513, 5.64685, -6.85264
4.01466, -4.26728, 7.62565
-8.164, 4.5186, 2.43819
2.79385, 2.16513, 8.78085
4.15223, -7.18044, 5.59758
1.29937, 4.8273, -8.25313
-8.23914, 3.10316, -2.68136
-2.91578, -7.79473, 4.79432
-6.95376, -2.87674, 5.53583
6.97721, 6.13376, -0.00756272
6.08651, -0.587139, -6.6849
-7.95005, -3.16982, 3.55551
0.350652, -9.70556, 0.560613
4.41413, -7.70453, 3.07689
7.31869, -5.15146, -1.42387
-4.3674, 5.98835, 5.30485
-0.847176, -7.49812, 5.32945
7.00619, -5.85143, 2.56536
-0.0216259, 3.29911, 8.7883
6.54479, -1.92983, -5.572
-7.83164, 4.73049, -2.18307
7.56637, 0.956969, 5.36646
-3.31265, 8.98064, -0.713843
-6.82564, -1.17863, 4.99521
2.28843, 0.910362, 9.32481
-7.71145, 3.19593, -3.81246
0.652333, 8.63131, 4.20764
-8.82086, 2.88191, 0.129341
3.56686, -8.34642, 1.30998
-2.38823, -2.5386, 8.75852
-6.78507, 2.97315, 6.14632
5.53388, -7.54804, -0.362084
5.7485, 6.58972, -3.33732
-5.60794, -0.00451286, -7.89255
0.926174, 1.49146, 9.71762
-3.56025, 8.5717, -3.05952
0.903851, 9.08602, 3.04613
8.80195, -2.40965, 2.47801
2.7378, -7.95383, -3.71692
8.67984, 0.106635, -3.73642
9.10728, -2.14669, -0.217716
-3.82638, 8.91294, 0.963121
-7.32891, 4.93833, 4.25289
-1.9206, -7.80554, 5.52956
-5.2181, -2.27795, -7.30514
4.80445, 0.757241, -7.96273
0.37425, -1.52407, -9.6475
-3.29504, 0.0587898, -9.02566
-0.396787, 8.9001, 3.39933
6.10781, 2.72748, 6.78779
0.965238, 1.18776, -9.41119
8.1971, -0.548043, 5.09967
-6.40127, -4.74851, -5.90098
8.62945, 1.87656, 2.99006
-1.06167, 9.08697, -1.72924
5.24086, 1.4127, -7.42365
-8.75945, -0.000435111, -1.77489
4.9505, -1.90328, -7.21165
-0.171713, -9.80746, 0.523486
5.90105, -2.86338, 6.63546
3.57485, -8.23864, 3.57483
-0.853134, -8.08, 4.61309
-4.43575, 1.77311, -8.14786
-7.42936, 4.31929, -3.57024
-8.27103, 3.90751, -1.71852
-2.02065, -8.3779, 5.28142
-3.97493, -8.075, 1.04398
6.48706, -6.50298, 2.19589
6.26159, 6.37971, -3.31981
4.34597, 4.99352, 6.99919
9.26093, -1.13266, -0.557621
4.31408, 3.90117, -7.62945
-8.74534, 2.011, -2.75524
3.51593, 3.92428, -8.08334
-8.88347, 1.91035, 1.25721
-8.6156, -3.86101, 2.08867
8.47292, 3.46588, 2.37363
7.09813, -4.42857, 4.81991
6.11992, -6.09152, 4.20577
7.35622, -5.18267, -2.41297
-4.27249, -7.93544, -2.82588
-2.30232, -7.8168, 5.74717
-0.885048, -4.22334, -8.30724
-3.21312, -8.21582, 2.39173
-6.67304, -5.88826, 3.7465
-5.42007, -5.60358, 6.00317
-4.26248, 7.56926, -4.18339
-2.14392, -5.18777, -7.44828
-4.34207, -8.16547, -0.85279
-8.91818, -0.124239, -3.44143
5.37338, -5.626, 5.56731
1.11055, -5.62438, -7.69372
-6.00827, 5.60011, 5.20397
-3.11027, -6.49344, 5.84764
4.08358, 5.8027, 6.35983
-4.44244, -2.08651, 7.83764
-4.78433, -7.54603, -3.34647
-7.94716, 2.10802, 4.12983
-4.97525, 4.91229, -5.94148
-8.7203, -3.75808, -1.36657
7.27499, -4.98884, -4.6976
-7.22149, -4.41265, -3.59102
-0.0549912, -2.46794, -9.27884
2.4192, -4.47675, -8.18151
6.83958, 1.89562, -5.94225
-2.22625, 9.04144, 1.98763
6.9917, -5.0936, -3.34707
-2.72072, 9.41116, 0.535715
0.513977, -5.47706, -7.7462
-7.3698, 6.62098, 2.10135
-3.49723, 8.68315, 1.75869
5.00174, 6.45628, 4.74154
-1.95019, -8.36075, -4.98588
5.13834, -7.46105, 2.64034
1.29194, -1.9264, -9.21115
-5.72719, -3.49214, -6.19787
-6.09242, -4.91382, -5.49097
-5.22126, 6.77556, -3.58051
4.12742, -4.78171, -6.65247
8.72969, 0.725793, -4.64955
-6.12434, 6.67338, 2.29507
3.81569, -3.51407, -7.56046
5.50386, -2.30835, 7.12439
2.69501, -3.05133, -8.56674
-8.1976, -0.0221939, -5.45433
6.4847, 1.59937, 6.59384
-0.631579, 5.04574, -8.00264
8.89876, -0.76549, -3.87774
7.4136, -4.29629, 4.21105
-7.49972, -4.84429, 3.96755
9.32299, -1.41792, 1.52034
2.71751, -9.01767, -0.163341
-3.59953, 7.91445, 3.57292
-3.84082, -6.00354, 6.02082
1.25036, -7.23692, 5.64987
-4.51095, 8.54443, -1.86452
-3.23288, -8.34234, -3.69283
2.01307, 9.12688, 2.41441
2.42356, -5.4301, -7.64854
-9.1922, -0.14745, 2.65034
2.68402, -1.407, 9.01774
-0.816582, 0.903625, 9.82966
4.39746, -7.64328, -2.6266
-1.68454, 5.08003, 7.63671
5.05688, -5.84564, -4.7583
7.51546, -0.383353, 5.8867
0.433136, 9.3415, 0.0983541
-1.45303, 8.80881, -2.88368
3.2198, -4.48617, -7.95647
1.88575, -8.14854, 4.66998
-3.21219, 2.13605, -8.40265
4.49617, 5.78655, 6.0282
2.15248, 8.33343, -3.28611
8.32726, -3.45993, -1.63712
-6.53832, 7.39188, 1.34083
5.85972, 1.64868, 7.09794
2.48512, 7.76758, -5.50169
-7.28193, -5.84383, 2.31378
8.41173, 4.62373, 1.61982
7.60345, -4.09542, 3.5811
0.372244, -3.23089, -8.97178
2.2237, -2.58637, 8.95157
5.88341, -6.96303, -1.58441
7.18166, 6.03513, 0.427903
-4.80844, 8.06851, -0.268856
8.50542, 1.85717, -3.76863
-7.63864, -5.31249, 2.78307
5.00727, -3.41618, -6.85997
-6.22426, 6.94426, 1.05576
1.84775, 7.02794, -6.41572
-8.98069, -0.695545, 1.75682
-3.19676, -8.75742, -1.21052
-5.13946, -1.41111, 7.25027
-1.11547, -2.02149, -9.23674
0.63163, -3.80321, -8.70854
8.75107, -0.513252, 3.88096
-2.64725, 9.0167, -1.36222
2.14057, -8.30141, 5.19387
7.75655, 3.38228, 4.4771
4.01345, 3.94008, 7.92438
5.08774, -6.09374, 5.43863
2.14228, 0.920881, 9.67144
5.08876, 4.98142, 6.57132
-5.78975, -5.31959, 5.60452
-6.03808, -5.98334, -4.37299
7.60861, 5.72707, 1.54215
-1.79827, 0.376101, 9.43386
3.28633, 7.57198, -4.95426
5.46473, 7.33164, -0.353621
2.79701, -4.49321, 7.99556
-7.33532, -1.99629, -4.88753
-4.62578, 5.43426, 5.81948
-6.54846, 1.14355, -7.34374
4.15678, -0.212754, -8.31632
1.559, 9.24871, 0.438832
1.93094, 8.32882, 4.87331
-2.16627, 8.68193, 3.3817
-4.01954, -4.67064, 7.36295
-0.402315, -3.89403, 8.61617
9.17367, 0.813427, -2.06215
-5.28014, -5.00648, 5.9675
3.14722, -8.86571, -0.428366
-4.27341, 2.98648, 7.92891
4.81203, 2.89621, -7.81411
-0.815725, -6.92736, 6.00212
2.73947, -5.07667, -7.83367
4.3844, -6.86747, -4.1828
4.28567, -8.78263, -0.78726
-6.99862, -4.03469, 5.50853
6.34553, -6.85894, 1.28803
2.6606, 8.92575, 0.665302
-3.19171, -8.52279, -2.12939
5.9423, 3.62104, -6.19786
-5.14225, 2.02058, -7.72468
-5.42242, -6.50276, -4.70729
-4.04722, -8.08943, -2.48572
1.19385, -1.18829, 9.37193
4.04074, -6.73854, 5.31175
2.26294, 8.24728, -4.62223
-1.62269, -9.54718, 0.811628
9.3102, 0.459956, 0.355997
-5.49894, -4.48752, -6.19826
-5.75695, 6.5541, -2.79009
7.76501, -3.66516, -3.93128
1.30673, 7.79564, 5.54006
3.75497, -5.9003, -6.03223
0.354638, 8.88121, -3.63263
-4.51369, 3.66442, 7.33991
3.05572, -3.22959, -8.41428
0.439519, 6.71118, 6.68906
8.96455, -2.2587, -0.893952
-7.08169, 3.24518, 5.37348
-2.25781, -9.07287, 1.34485
3.25178, 2.92762, 8.17132
-2.02675, 3.98798, -8.30464
1.78907, 4.46377, -8.47436
0.203681, -7.20893, -6.29971
4.84192, -2.3116, 7.58479
-1.12125, 3.05661, -8.59573
5.34284, 6.7628, -3.99316
2.39508, 3.47792, 8.38749
-5.6624, -6.42559, 4.20395
-5.32837, -5.16376, -5.85096
-4.81275, -6.08439, 5.60116
1.81882, 8.00306, -4.95209
7.36344, -0.129546, -5.10471
-8.51095, 3.32574, -0.618588
2.42783, -0.121917, 9.21858
-2.17936, 6.43277, -6.85049
7.7445, -4.92001, 1.98625
0.17429, 0.00114324, 9.79912
-2.31622, 7.91999, 4.69196
-6.87274, -4.48388, -4.2329
3.47892, -6.06149, 6.43135
8.74845, 3.3422, 1.35332
-6.19076, 6.47723, -1.79264
1.19053, 7.52312, 5.79958
0.732227, 1.70446, -9.2857
-0.526473, -9.66954, -0.54909
4.0523, -6.46342, -5.32546
-9.26091, 0.386435, 2.1986
-3.81747, -5.41616, -6.58171
0.740895, 9.32018, 1.61957
-2.73715, -1.64178, -8.84927
1.30425, -3.56495, 8.71456
-6.14149, -5.87674, -4.60138
-4.94339, 7.70727, -2.20661
6.35949, 6.68101, 1.48183
-2.20489, 7.23415, 5.74385
-5.5259, -2.58551, 7.12374
1.82293, 9.12905, -2.213
0.98519, 5.18469, -7.83851
4.86036, 6.06315, -5.41202
-5.34708, -7.37025, 2.84212
0.247372, -8.38096, 3.59931
-6.12709, -6.6033, -3.89446
8.9585, -0.849177, 4.49539
-7.6281, -2.03957, 5.26342
7.06899, -3.69776, 5.15624
-3.30425, 2.24644, 9.01793
0.191247, 8.17916, -4.75421
0.067395, -8.89591, -2.89508
-7.87118, -1.50165, -4.04548
-1.0626, -9.11869, -1.94168
-6.74811, 6.61813, 2.1008
-3.15695, 7.56518, 4.52213
-9.47007, 0.147452, 1.03422
5.11129, -4.18577, 6.80926
5.26378, 7.89258, 1.02837
-7.03034, -5.46197, 4.17307
3.06915, -8.52984, -1.9091
-7.67864, 2.75967, -4.97647
4.82148, 3.98701, 7.3696
-5.20636, -6.902, -4.53551
2.31623, -1.87633, -8.99284
-4.26287, -6.37322, -5.62056
7.4517, 3.73559, -4.96547
-7.92639, -3.08025, 4.55967
8.94292, 1.73993, -2.22808
-5.91583, -6.62171, -3.27675
3.97599, 8.007, 3.29023
2.07359, 2.36526, -8.99608
0.843217, 8.29344, -3.99748
-4.8657, -6.4465, -5.15594
3.2307, 8.46049, -2.11967
-6.51687, -0.603065, -7.04272
-0.25759, -0.747357, -9.78708
-3.55766, 8.24931, -3.9659
-6.95499, 6.87696, 0.459239
-1.09181, -0.804018, 9.80617
-6.66844, -4.45687, 5.69541
4.4653, 4.80878, 7.30244
3.46791, 8.63396, 1.89285
2.6659, -7.71001, 5.09827
-8.42188, 2.27409, -3.69575
7.52423, 1.734, -4.8359
-8.79311, -2.71162, -0.0995068
-3.34642, -6.1044, -6.41424
-3.39677, -2.53589, 8.49378
5.72083, 2.37905, -6.8184
4.08066, -3.76443, 7.70097
-5.38834, 6.5066, 3.78784
-2.0929, 8.80913, -2.58588
-2.00405, 9.28632, -0.157628
-2.91835, 8.45209, 3.11773
-3.42026, -1.88854, 8.93553
8.60927, -1.09373, -4.346
-2.9679, -6.99297, -5.97471
8.01596, 3.3929, 3.27523
-5.99023, 2.91543, -6.31451
-7.09323, 2.9361, -5.34523
-6.85249, -2.65014, -5.35938
5.70249, -2.06081, -6.87994
2.0471, -6.61398, -6.10101
7.55669, 3.30532, -4.63113
-1.49566, 9.17475, -1.19465
-0.440166, -9.79448, 1.31694
6.18378, 3.48186, 5.92781
3.36527, -4.79025, 7.66406
6.57193, 2.8617, -6.10427
3.1033, 9.13606, 4.0309
4.6475, -8.32917, 0.206541
-5.50689, 7.29916, 0.0687706
-4.74897, 8.92442, -3.51973
-5.17732, -6.74795, -3.94882
-6.86279, -1.91887, -5.70266
1.98387, 9.11517, -1.46627
-0.947994, -8.98813, -2.69656
-7.35072, 5.50409, 1.05466
7.73001, -5.52442, 0.845936
5.15284, -6.87691, -3.22331
-2.03689, -3.94184, 8.12101
6.98296, 5.25218, -4.06872
-3.65616, 4.87911, -6.72484
-2.32966, 1.62147, 9.07163
-6.2096, -4.6378, 6.01673
1.82847, 8.28449, -4.21374
-3.179, 1.98754, 8.3509
-2.73404, -8.52624, 1.82952
5.34217, 4.22349, 6.68652
-3.29647, -3.26185, 8.16531
-0.511982, 4.7034, -8.61808
-2.9418, -7.90352, -4.98638
8.05421, -4.23652, 1.72104
8.68477, 3.41225, 0.248276
-7.03927, -5.25504, -4.47218
-0.239483, 8.3536, -4.34059
-1.38556, 1.43827, -9.27968
-0.7453, 5.56015, -7.42282
-4.20276, 7.18617, -4.55282
7.07169, -3.83689, -4.86319
5.74891, 2.42723, 6.91364
6.56881, 0.944895, 6.76338
-5.4694, 5.44338, -5.24484
-4.66192, 0.766468, 7.94936
-7.68883, -3.69844, 4.76465
8.00307, 4.66985, 2.03076
8.61309, 0.461764, 4.04105
9.20365, -0.18342, 3.21043
3.42689, 3.3237, 7.86923
-6.06025, -1.95036, -6.66076
4.57759, 6.8137, -4.56154
-5.74518, -7.04272, 2.34661
-1.74692, 2.85813, -8.52242
-1.30844, -4.1499, 8.19429
-1.17878, 2.36281, -8.90892
5.22627, 6.9017, -2.60109
5.17052, -7.86263, -0.0766448
8.66149, -1.68274, -3.76337
-2.17296, -9.19704, -1.24679
6.95834, 6.01708, 1.96788
-8.54226, 3.06252, 2.6795
0.62606, -7.95457, 4.55547
-4.12657, 2.24305, 8.60401
0.207846, 0.991837, -9.56973
-8.88595, -1.19162, 0.295612
-8.01004, -4.79302, -1.5382
-6.07105, 4.19449, 6.05988
-3.48031, -7.27394, -5.39173
1.91635, -7.01669, 6.2835
9.10166, -1.13597, 2.14228
-1.95195, 6.00359, 7.00415
3.08419, -2.16651, 8.65511
-5.47594, 3.7995, 6.81537
1.08706, 8.31403, 4.86117
-7.95598, -4.0248, 2.37065
-0.762704, 6.15857, -6.95668
4.0397, 0.160622, 8.30694
4.22913, 3.1831, 7.95768
-6.79236, -4.65624, -4.53807
3.40021, 4.59409, 7.58268
7.85819, 4.19028, -3.60147
9.22756, -0.331099, -0.706688
-0.154415, -0.157964, -9.77893
-5.28634, -0.0980953, 7.24268
-1.60481, 3.33197, 8.56834
-8.47443, 3.99687, 3.44122
6.29346, -3.48055, 6.28204
9.26908, -0.225108, 1.92315
8.20764, -3.52342, 2.39268
7.89524, -4.23621, -2.2552
0.708855, -8.93381, 2.10703
-8.27109, 3.22531, 3.57179
-0.564905, 7.1156, 6.79373
9.12885, -0.279845, -1.93486
-1.27289, 1.6209, 9.332
-6.09881, -6.78139, -2.33246
6.19606, 6.35626, 2.72143
7.63903, 4.10186, -3.90727
7.34901, -5.5424, 2.34943
0.993194, 5.96874, -7.04898
9.23563, -0.489195, 0.69386
8.79261, 1.63155, -3.61274
7.71851, -2.62343, -4.50217
-8.90108, 2.05583, -1.22617
3.74479, 6.26024, 6.00309
2.72654, 8.00657, 5.19721
1.07503, -7.7163, -5.22982
2.73351, 8.88831, -1.87353
-2.534, -8.21767, 3.87285
-5.45448, -2.72767, -6.8452
-8.51892, -4.03759, -2.2735
-0.390841, -8.74339, -3.53456
-6.43179, -6.49948, -3.00415
1.54735, 9.22342, 1.25452
-0.551014, -4.71941, 8.15254
-4.71534, 3.56201, -6.81594
0.0917157, -7.07092, -6.79656
-2.58754, 3.32059, 8.58552
-4.0379, -6.99521, -5.22756
-4.60733, -5.03744, -6.36883
-8.8266, 1.31478, -2.75985
6.5472, -2.89553, -5.45067
1.6701, -9.24054, -0.260632
0.151025, 7.41533, 5.92394
-2.40808, -9.135, -0.708808
1.0627, -0.831502, -9.71167
6.57236, -2.84369, 5.9306
-8.84115, -1.64351, -0.775951
9.30033, 0.771037, 0.853555
7.56373, -4.63655, -2.61546
-2.56993, -8.64269, -3.76392
6.87943, -4.83369, -5.12978
-7.85648, -1.04743, -4.54711
3.90836, 2.25842, -8.48147
2.38913, 3.7601, -8.57791
-3.90611, 6.47449, -5.34756
-6.93569, 1.95899, 6.09932
7.98781, 3.19664, -3.30245
1.61071, 2.7031, 9.19303
5.28614, -4.16352, -5.97939
9.36347, 2.26174, 0.824346
-2.86856, 6.81404, -6.07833
2.09206, 5.68647, -7.22618
-8.11141, 4.68459, 1.06294
3.21806, 5.5302, 7.25961
0.391189, 2.40897, 9.43299
-4.08747, -0.564334, 8.1985
-2.155, -1.8355, 9.03981
1.51935, 9.01687, 3.40709
-6.25066, -1.97691, 6.51602
8.57806, -1.29046, 4.30158
-5.28641, -4.51873, 6.79236
7.76939, 4.33846, -4.91819
-5.58022, -7.1738, -1.8716
-7.73973, 2.93812, 4.36363
6.00797, -6.5392, -3.7427
-7.49937, 6.85845, 1.24126
-7.66208, 5.22577, 0.363939
3.41809, -4.94242, -7.60133
-8.20141, 2.83594, 3.2847
0.180237, 7.64786, -5.58955
-7.17897, 6.27964, 1.3639
-6.82703, 3.52374, -5.03808
-2.59443, 3.96219, -7.74286
-4.75563, 4.82278, 6.35791
-7.95811, -2.36297, 5.15636
-7.79094, -4.64801, -2.19459
-6.48435, -3.94955, 6.34341
7.6734, -3.12208, -4.20046
0.072455, 1.4083, -9.3936
8.23256, 1.64287, 4.0174
0.0216704, 8.28142, 4.69436
3.11805, -0.274318, -8.88709
-6.29044, -1.82076, 6.57473
7.35594, 5.42157, 2.49751
-1.97306, -4.48971, -7.88637
-3.68024, -8.60393, 0.640514
-9.01864, -0.0302766, -4.80745
4.5314, -7.34182, 4.25254
-3.82981, -1.97143, -8.17769
0.992631, 3.36163, -8.9136
-8.923, 1.13661, -1.90735
5.2383, 3.56121, -6.91795
-7.16968, -5.86062, 1.44196
4.59476, 5.25688, -6.40364
-3.47361, -8.41144, -2.72458
1.83232, 9.16816, 1.80537
-7.99793, 3.70856, -2.68724
8.3332, 3.89412, -0.485286
-5.54418, -5.04146, 6.52066
-3.16186, -4.10545, 7.92281
-0.426515, -2.84348, 8.96232
1.557, 8.30628, 5.14387
-2.21094, -9.34531, -0.207902
-4.6702, 8.15958, -2.51207
-5.63539, -0.96605, -8.1645
1.8743, 5.78499, 7.0834
1.20168, 6.92189, -6.55794
-2.04712, 2.29785, -8.71524
5.82789, 5.01889, -5.69122
-6.51795, 4.83933, -4.5434
3.7285, 4.47696, -7.55857
4.55474, -8.30371, -0.879557
2.39006, -7.38427, -4.84475
3.35975, 8.47002, 3.77495
5.95915, -7.13403, -0.977822
-4.01492, 8.78025, -3.36663
2.40888, -7.82152, 5.3991
9.68751, -1.37448, 2.64073
0.659685, -8.14959, 4.17739
-9.28521, 0.457013, 0.515257
7.62832, -4.23754, -4.07591
6.01989, 4.37397, 5.46718
0.748506, 7.92587, 5.31057
-6.67478, 4.7804, 4.95694
-7.00136, -5.43006, -2.4613
0.691468, 0.402415, 9.74218
-2.53205, 7.15604, -5.76025
-4.58004, -5.10824, 6.65901
4.25966, 8.34089, 0.998942
7.77568, 4.30075, 2.96362
6.98804, 4.76111, -4.83455
2.96128, 1.1134, 8.7916
-1.01379, -7.77391, -5.72284
-0.438461, 0.570107, 9.91347
-7.25964, -0.170108, -6.22567
1.2157, 0.314128, -9.61136
5.08576, -7.27862, 3.69516
-8.92582, 0.669615, 1.75174
-0.677291, 7.92738, 5.22644
4.31793, 7.41053, 3.99293
1.57005, 8.85516, -2.97908
-0.918375, -8.62484, -4.3956
-0.702548, -5.58326, 7.35723
-4.29029, -7.44978, 3.84971
-4.4273, -7.75451, 2.51937
-7.91443, -3.58392, 4.07832
-1.1272, 3.64524, -8.63221
3.56964, -7.78081, 4.75191
1.24152, 9.16017, 2.73869
-0.816241, 7.3671, -5.87655
-0.644079, -0.337888, 9.90928
-0.916402, 2.7884, 8.95066
-6.17704, -6.56874, -4.28884
5.20007, 6.80607, -3.71986
-0.875114, 5.2111, -7.71688
2.70149, -3.79012, 8.36092
-4.95013, -6.36099, 4.93936
-1.18652, -8.87202, -3.36431
-7.68436, 4.86459, 3.62214
-4.35337, -3.6495, -7.12625
-2.40436, 8.40059, 4.16022
1.96451, -8.76739, -2.34074
6.27023, 6.5254, -4.03889
-6.1997, -2.90567, 6.50266
1.46563, -4.91074, 8.00297
-7.55658, 1.28204, 4.9617
-7.06495, -5.71513, -0.640673
-5.54067, -3.64118, 6.62053
2.57605, -8.57882, 4.08805
-5.47761, 7.34548, -1.288
9.44092, 0.142271, -2.20485
7.15534, 3.12918, 5.09025
-2.0046, 5.7117, -7.00499
-8.49504, -3.15413, 1.58302
7.95818, -1.2286, 5.59646
-5.1312, -2.14364, 7.50696
5.19572, 7.66548, 0.505611
6.58113, 5.99568, -3.64491
0.390987, 3.30468, 8.85769
2.134, -3.54249, -8.65394
-8.32801, 4.41685, 0.172985
9.1412, 1.81923, 1.24845
0.340424, -4.50748, 8.18247
3.71351, 3.20484, -8.35671
1.90135, 3.29609, -8.86481
-8.37566, -2.16614, -2.49196
-6.80515, 1.64779, -6.84238
-7.06097, 5.76416, 0.132453
-3.79236, 2.80677, 8.43825
7.78703, 3.74013, -3.37664
0.364044, -9.4278, -1.10833
-1.04713, -8.33366, 3.76611
3.56684, -5.46744, 7.01438
-6.56696, -1.42887, -6.39867
4.74755, 6.06642, 5.42831
-5.36845, 4.25829, -6.00316
-2.58859, 3.91498, 8.3663
-8.58901, -0.976754, 2.17326
6.40437, 4.50032, -5.54841
1.08664, -1.74366, 9.30657
-3.81284, -6.04225, -6.20396
-2.52646, 7.57177, -4.95955
-0.200507, -5.5043, -7.65825
-2.28895, 0.552508, -9.31349
-7.45502, -2.40861, 4.16811
-3.17485, 4.26909, 7.79724
-6.09141, 1.65882, -7.79439
3.46612, 8.22848, 4.18145
5.29081, -3.0976, 7.11086
4.90525, 1.69532, -8.15015
6.4046, 5.95863, -1.84744
-7.08669, 5.31687, -2.25203
-7.90258, 4.70805, 4.01623
9.09932, 2.00223, 0.195581
-1.20305, -8.70275, 4.03094
-5.0789, -3.65658, 7.60274
-0.222112, -5.85471, 7.28653
-4.25242, -3.28652, 7.88741
9.14562, 0.0430993, 2.44371
-6.39045, -4.41703, 6.27845
9.07863, -0.483298, -4.48306
-3.16405, 7.51521, -4.63827
-3.46792, -8.81988, 0.296853
-3.03263, 0.724228, 8.83161
-1.51549, 8.53967, -3.62025
-8.03627, -3.05494, 3.00076
7.86103, -5.52824, -3.87109
-0.864574, -5.53652, -7.55467
0.69549, -4.18509, -8.53862
8.89264, 1.47623, -1.58459
-8.61343, 1.08277, 2.71775
-8.76668, -3.45156, 0.0663588
3.62598, 8.72261, 4.17081
-0.579009, -10.0919, 0.982472
0.504156, 4.08162, -8.69171
-8.07345, 4.50639, -1.7437
6.25903, 5.11788, 4.39872
-4.57133, -8.02546, -0.568947
1.83521, -5.65489, 7.34683
-0.0878225, -6.93328, -6.53931
-0.978856, 7.1886, 6.29923
6.20974, 6.82148, -0.4116
1.73691, 8.83318, 4.04336
5.91962, -6.14554, -4.97067
-8.39604, -4.26604, -0.183504
1.17865, 2.59937, 9.25048
-6.96565, 5.04326, 4.37806
7.89057, 4.48996, -3.89813
-8.27355, -4.67827, -1.99093
-7.97363, -4.42487, 3.11925
1.06679, -8.72773, -3.08906
6.6605, -4.12011, 5.93527
-3.66761, 4.74064, 7.10523
-5.20018, -7.16508, -3.65725
1.2648, 4.09611, -8.67985
-4.50074, -2.88772, -7.42307
-8.11135, 1.20654, -4.92945
6.53971, -0.13907, 6.55622
-4.24424, 2.32916, -7.85652
-0.673197, -7.96709, 4.54654
-5.92913, 5.64388, -4.42545
9.02622, -0.99585, 3.15126
-3.05191, 3.64886, 8.37385
-9.15863, 0.300624, -4.91963
-2.68505, 4.36496, -8.24855
-0.415233, -2.19453, 9.15939
0.946837, -9.37893, 0.872626
-1.67132, 8.78966, 3.81734
1.50907, -8.087, 5.17826
5.433, 6.81302, 3.29861
2.96344, 8.65328, -1.45677
-1.69324, 9.19363, 1.70944
0.508661, -5.7299, 7.40657
-7.68852, 5.08409, 2.28187
4.75298, 1.11522, 7.86397
8.71774, 3.06177, 2.00956
7.71029, -0.830365, -5.07027
-1.31023, -5.68747, -7.34056
5.09153, -7.86793, -0.688026
3.1614, -6.81069, 6.00726
1.1835, -6.59768, -6.59195
6.27938, 5.13142, -5.29532
-1.99555, -8.6309, -4.26723
-8.15651, 2.04706, -4.43711
-1.06487, -2.5276, -9.20438
1.17186, 9.28196, 0.876356
1.09717, 4.58125, -8.45105
4.8466, -7.71921, 1.17402
8.52741, 2.81943, -2.50162
-8.17573, -2.19176, 4.29468
3.32517, -2.91369, 8.45362
8.3586, 2.69241, -3.35315
-8.55439, -1.75738, 1.48722
2.88187, -4.0676, 8.458
-1.40065, 0.434786, -9.53671
2.91084, 3.78413, 7.95977
-9.3111, 0.00760446, 0.139652
-6.6387, 5.41906, -3.12259
6.00403, -1.92167, 6.8148
-4.99428, 7.8723, -1.31242
3.81754, -5.20984, 7.0169
-5.68273, -1.7148, -7.11851
2.76682, 8.92209, 4.14502
7.94255, -3.19325, -3.62707
9.44625, -1.00929, 0.439851
7.50781, -5.94414, 0.770896
6.22449, -4.42059, 5.77842
5.65018, 6.02702, 4.21254
8.40662, -0.463463, -4.99462
0.594319, -8.73285, -3.24703
-9.0293, 0.418451, -0.327233
2.73066, 5.44633, 7.1419
-8.49286, 3.38808, 2.34832
6.39604, -4.10933, -5.3892
0.204266, 5.40678, 7.6149
-6.99108, -4.95941, -3.37783
-1.88813, -7.25672, -6.09374
-7.36528, 5.32647, 2.72076
-8.33697, 4.24405, 1.60956
2.75246, -1.09548, -9.1088
8.64432, -1.67816, -4.52432
4.91509, 7.98179, 2.00964
3.00776, -8.30752, 4.01986
7.45, 4.61931, 3.95786
-4.53709, -6.7092, 4.86871
5.97151, 4.79387, 5.37221
7.21475, -6.16794, -0.0478955
-2.94037, 8.24269, 4.03707
8.53081, -3.00071, 2.06169
-7.74045, 0.519217, -5.83771
6.09424, -3.50875, -5.47304
-5.63726, 4.33177, 6.4261
-5.53284, 6.34739, -3.66494
-5.47757, -7.26045, -0.57294
6.93164, -5.6029, -2.53812
-7.55819, -0.254848, 4.47148
2.51385, -7.36026, 5.86321
9.39316, 0.342604, -2.85595
-7.97737, -4.42775, -2.72992
5.06962, 3.40487, 7.27262
-6.5363, -5.44373, -4.5096
-6.41334, 6.08023, 3.22182
-2.63766, -9.06017, -0.423452
-8.539, 3.71569, 1.37344
9.60663, -0.689751, 2.81136
-3.91834, -7.78812, -4.18191
6.60072, -6.1361, -3.78568
-0.104708, 9.32911, 1.14084
8.85815, -2.71523, 1.44485
-8.86802, 1.48697, 1.6515
-5.78899, 0.232814, 6.91987
5.57758, -6.64421, 4.19297
-8.64256, -2.64118, -1.75922
-5.00512, -7.24458, -3.31054
-0.922242, 5.25069, 7.78261
-8.61406, 2.36295, 1.91421
0.889999, -9.48567, 0.170437
-0.282356, -9.64871, -0.0040932
-3.4913, 8.50476, 2.34685
5.88468, 6.02985, -4.23151
6.3837, -6.85848, -4.50703
5.50888, 6.86783, -1.79561
4.95191, -3.66487, 7.2063
-6.90751, -5.60886, -3.10045
-2.2219, 2.3409, 8.80412
-8.8956, -4.22867, -0.723145
1.53597, -6.22316, -6.99604
7.01169, -2.20091, 5.50286
3.67695, 8.01113, -2.32757
8.06257, -3.753, -3.27272
2.46641, 1.86417, 9.0991
-6.68779, 0.771926, 5.94351
6.8128, 3.63081, -5.68531
-6.71987, -6.1489, 3.13011
-9.07865, -0.574743, 0.104508
-1.11066, 7.59854, 5.89911
-8.72833, 0.454707, -3.50343
2.9282, 7.24217, 5.3977
6.47229, 5.83266, -2.53287
-3.75411, -6.4311, 5.57909
2.02885, -1.16123, -9.31489
-7.40262, 3.64473, 4.78661
-1.00254, 6.34568, 7.07439
-0.1886, 7.18242, 6.2475
1.24453, -8.54777, 2.86998
6.35507, 6.35519, -1.08252
3.22535, 6.5137, -6.19608
7.95453, -4.85059, -4.30532
2.75381, 8.94284, 1.39457
4.84673, -0.93315, 7.82247
-4.26855, -0.0215054, -8.52361
7.3807, -1.06825, 5.35192
3.75331, 7.66444, -3.90903
3.35963, 1.57271, -8.78088
4.31243, 0.820059, -8.40638
-3.4446, 9.07864, -0.106816
-1.74146, -8.00688, -5.51008
5.60666, -0.659984, -7.07673
-7.68511, 1.8471, 4.88076
1.82503, 2.05566, 9.36393
-0.369258, -8.88808, 2.34114
0.187877, 5.24473, -8.39115
-6.12014, 1.84732, -7.40697
-8.67473, 2.79086, -1.50261
-1.46632, -6.81586, 5.99944
2.89115, -4.03657, -8.23942
3.44098, 5.97873, 6.40748
-5.45155, 4.87246, 5.98424
-8.49189, 3.85117, 2.51668
-0.151844, 2.96601, -8.84291
5.78508, 6.74739, -4.75532
1.70712, -7.77914, 4.19398
-4.47771, -7.00258, -4.77667
-1.83764, 6.7531, -6.63476
3.00037, 6.24323, 6.42078
-6.77969, -0.102105, -7.01567
-0.567686, 0.703438, -9.66002
4.37438, 1.33827, -8.42388
6.48574, -1.09309, 6.46007
-1.16088, 5.9066, 7.36671
0.139767, 9.06742, -2.38762
5.80082, -3.86475, 6.59003
8.40079, -2.45595, 3.22022
8.67359, -1.30258, 3.57586
0.17019, 5.46993, -7.55026
0.867459, 4.52707, 8.05391
-1.00604, -1.06628, 9.50507
7.80131, 4.23461, 4.25848
8.3751, 4.32488, 0.254487
8.92238, 2.81895, 1.00677
5.39261, 7.45157, 2.20497
-5.25301, -1.26254, -7.97204
-8.09886, 3.653, 3.82937
1.10689, 8.57663, -3.3668
-3.90852, 3.63203, 7.90081
7.86911, -0.814323, 5.49514
-5.91649, -1.02865, 6.25244
-7.85429, 1.56126, -5.27248
-8.69057, 0.28927, -4.20355
3.14235, 5.43083, -7.17945
2.51142, 2.8804, 8.62104
-7.63938, 4.82179, -2.67053
7.369, 1.54931, 5.42166
7.57757, -4.78145, -4.47912
-4.67495, 7.00357, -4.2027
-0.335582, 9.10662, -4.04081
-8.92186, -0.96638, -4.55919
8.62699, -5.06153, -3.5647
8.83612, 1.17939, -4.26488
-4.55664, 8.08811, 0.900136
-6.35282, -5.67752, 5.18494
8.12171, -4.23544, -0.487748
9.12749, 0.243376, -3.53415
6.34755, 5.86702, 3.30155
-5.41707, 0.727947, 7.39242
7.87991, 2.8419, 4.32049
9.37305, -0.649071, 3.66134
3.07262, 0.592972, -8.94617
4.81031, 3.29696, 7.74242
5.84071, 6.4828, -2.19486
1.11007, 9.04455, -0.799942
-4.29486, 8.18605, 1.90815
-5.72523, 0.751401, -7.58818
0.689139, 4.883, -8.15294
-0.92166, 9.21185, 2.07985
-2.69923, 9.28419, 1.05748
-3.91689, 8.74646, -0.240835
0.933416, -6.88173, 6.19626
-4.35459, 8.73471, -2.96289
1.75036, -6.41024, 6.71628
-2.4799, -8.0009, 5.31481
-6.44984, 6.99415, 1.74478
2.54079, 2.79362, -8.82513
6.21474, 0.605791, 6.93216
3.06904, -6.08582, -6.21862
7.62598, 4.60099, -1.19167
4.38914, 7.88771, -1.01943
-6.34941, 3.22686, 6.51784
-0.930152, 8.86178, -3.98914
3.7958, 7.70051, -3.00599
-4.02263, -3.90495, 7.68744
-6.30782, 2.16516, 6.61838
-1.94803, -9.46454, 0.53591
-6.81364, -2.896, 5.88608
-0.378937, -7.62829, 5.12516
5.9135, -7.28604, -0.213486
8.22754, -0.00308288, 5.22224
-0.064483, 9.126, -1.36251
-4.13596, 2.41681, 8.32569
-2.74151, -0.263802, -9.22228
-4.59984, -0.864856, -8.22807
-8.38811, 4.01151, -1.04483
6.0491, -6.46168, -2.12882
2.04539, 7.13474, 6.06567
4.51011, 4.16851, -7.32458
-5.47244, 1.93792, 7.19936
-1.89919, -5.97656, -7.24497
5.80472, -4.8578, -5.39186
3.60125, 7.55175, 4.4049
4.45967, -7.84887, -2.07609
7.36614, -4.88401, 3.52601
0.138803, 9.21021, 2.50659
7.40382, 4.19442, -3.07083
-4.95293, -6.83522, 4.22476
-8.4892, -4.34304, -1.30333
-2.80229, -3.80965, -7.87178
-8.3943, 3.25795, -1.83685
6.67766, -5.72282, 3.72797
-6.04765, 0.171959, -7.57705
-8.1732, -4.17332, 1.69871
-2.682, 4.89115, 7.42412
-0.81404, -9.39233, -1.50701
2.98631, 4.9826, -7.50687
-8.67124, -3.5391, 0.846201
-5.30502, 0.73446, -8.03199
6.79378, -5.44808, -4.56389
9.10231, 2.42461, -0.182214
-7.22538, 5.43588, -1.43992
-6.01426, 0.782101, 6.72088
1.66744, -3.08209, -8.87311
-4.97781, 7.00903, 2.79066
-8.1855, 2.95527, -3.2827
6.51316, 0.161549, -6.14088
5.90885, 6.64714, -3.43185
-8.57722, -3.70717, -1.96261
-6.33675, -5.11418, 5.48934
5.64109, 4.44585, -6.45979
-8.05041, 4.67547, 3.34702
5.96103, -5.35197, 5.2031
2.61981, -3.82864, -8.44791
-6.85427, 1.54958, 5.88992
-8.67762, 1.70323, 2.2793
-9.04313, 1.40832, 0.529673
5.63033, 4.99807, 5.72125
-4.02041, -8.37612, -0.486373
-1.70629, 7.84985, 5.23433
1.52775, 3.13112, 8.85896
-7.80133, -5.34476, 2.40255
-2.32415, -8.38879, 2.73768
-8.72978, 2.02693, -3.67632
8.22789, -1.56481, 4.46664
1.4148, -7.81671, -4.69975
7.63415, -2.30782, 4.41125
-7.20725, -2.10735, 5.17249
3.99878, 5.04625, 7.36886
8.33732, -3.66842, -0.801207
-3.47628, -1.13224, 8.56825
4.31554, -4.70872, 7.07235
8.04328, -4.59263, 0.483252
0.505428, -7.55181, 5.33502
4.33009, -2.3077, -7.49215
-6.87722, -0.477453, 5.27559
8.50678, 2.82995, 2.74184
9.23596, -1.51989, -0.40148
-8.55361, 2.51815, -2.86708
3.69433, 5.8765, 6.72101
-5.04279, -3.26091, -6.87786
6.54156, 1.91313, 6.37139
-7.19937, -5.62607, 3.07084
-7.64318, -2.10598, -4.20328
-7.43425, 4.50709, -3.54211
-8.57077, -3.05348, -2.1176
3.77, -3.16222, -7.96031
9.44877, -0.584633, -1.8727
4.3903, 5.38244, 6.62189
4.08603, 6.54892, -5.56713
2.99127, 3.92199, -8.34842
-5.53907, 5.93959, 4.7282
-4.53022, -7.73641, -3.10128
6.97388, 3.98373, 4.81988
2.90141, 8.68212, 4.88212
-6.71695, -6.16855, 0.675877
3.68385, 1.50715, 8.33115
-3.8364, 8.17635, 2.87809
7.89133, 5.24383, 1.21835
-5.83314, -4.87417, -5.87617
6.70135, 3.1882, 5.6002
5.24514, 2.88118, -7.25171
-0.971455, -9.65829, -0.141298
0.392256, -8.26361, -4.57084
5.57687, 6.84694, -1.36356
-1.07595, -3.14168, -9.14995
4.97286, -5.27198, -5.24656
4.15544, -7.39517, 5.23575
-2.9227, 8.5724, -2.8513
0.499225, 9.12349, 2.90976
-4.30511, 1.3322, -8.43501
6.60481, 1.3644, -6.12453
-2.37516, -8.35884, -4.7566
2.47853, -2.50764, -8.82097
-8.03053, -0.37523, -5.48717
3.03244, 7.54749, -5.50517
4.05287, -1.10774, -8.17715
1.8815, 8.4983, 4.67117
-4.82352, 0.816401, -8.56713
0.33965, 9.80783, 0.725242
-8.08951, 4.69014, -0.780389
8.51863, -2.23266, -3.12602
3.82893, -7.34609, 4.56004
9.37942, -1.19371, 0.199382
3.249, -7.6423, 5.79451
5.65154, -7.09977, 3.19337
-0.214362, -7.81689, -5.63745
-2.63046, -6.98684, 5.53892
2.0494, 8.81207, 4.0839
-1.58989, -8.30587, 4.40893
-1.39949, -3.18321, 8.64312
-6.15755, -3.26118, 6.57249
6.56499, 6.40863, -0.985924
-6.25673, -1.37752, 6.28884
7.52928, 4.14137, 3.75091
6.4762, -5.64077, -5.35265
6.01926, -7.11261, 0.817269
0.635023, -6.20411, -7.17104
8.94813, 0.729419, 2.86064
-1.15402, -7.32359, -6.17995
5.41704, -4.69408, -5.03088
-0.359998, 6.27372, 7.12329
-7.08572, -1.66384, 4.62891
0.0181049, 6.83397, 6.77705
-0.244271, -1.30317, -9.58974
5.64108, 7.47841, 1.18138
3.5112, -2.5397, -8.37624
-8.38389, -1.00739, -4.81705
0.359781, -1.07694, -9.84664
-3.33001, -7.79063, 3.98793
1.9008, -8.76897, 1.73936
-5.8452, -6.06525, 5.21671
-8.91224, 2.65485, 0.841827
-1.84238, -7.98374, 5.21638
6.8191, -4.40542, 5.30531
-6.08841, -6.28102, 3.92919
-0.777398, 4.53405, -8.39152
7.19766, -4.91415, 4.02983
2.55458, 9.03986, 2.10238
-5.67282, -6.59905, -4.41058
-3.81922, -8.23831, -2.15816
-7.06438, 0.620678, -6.51441
-1.69019, -3.36328, -8.78696
-2.96505, 8.88207, -1.8622
-7.82607, -4.8657, 0.301486
8.56582, -3.34022, 0.526679
6.17541, 6.5916, -3.89963
7.9521, -1.17015, -4.92853
8.01876, 0.503837, 5.29221
-8.61234, 0.0237065, -5.12417
4.90013, -2.69603, -7.20776
3.23804, 8.02703, -3.43857
-8.0464, 1.61983, 4.0292
1.63513, 0.276028, 9.57765
-7.31449, 4.26375, 4.80122
-7.51309, -3.24871, -4.20147
7.69847, -5.30756, -4.3319
3.64832, 6.77823, 5.51496
-3.34215, -7.51225, 4.78157
1.06817, 2.23834, 9.47571
-8.42819, 0.692497, -4.58003
-8.95975, -0.279991, 2.19581
-1.11522, -7.76456, 5.09546
-6.23346, -1.04823, -7.14623
8.16401, -1.9654, -4.26495
9.33326, -0.446188, -2.79208
1.37835, -7.56417, 5.79056
0.623402, 9.14086, -2.18396
-3.83796, -7.06658, 4.80071
3.59333, -8.50275, 4.16152
4.8792, -4.93862, 6.45524
3.86964, 7.01366, 5.08913
7.58094, -4.68644, -1.87425
6.08878, -2.15369, -5.97332
1.57215, 0.8522, -9.38973
-1.18026, -8.26318, 4.4924
-8.86827, 1.78035, 0.429458
-4.87255, -7.63045, -2.24209
-2.38245, -7.35903, 5.76236
9.07956, -0.754902, -3.32889
4.02323, -7.73673, -2.93582
-6.98522, 7.27132, 1.84316
-4.60498, 8.35206, -1.09509
4.88327, -4.06589, -6.58648
8.70675, -0.1969, 4.2749
-2.61276, 9.10052, -0.873971
3.14552, -4.18305, 8.01869
-5.47389, 2.30782, -7.17764
0.846993, -3.76308, 8.76307
9.70328, 1.91066, 0.774054
-9.6654, 0.192325, 1.73738
2.57901, -2.00945, 8.95371
1.26477, 9.20331, -1.76304
-5.08044, -5.44063, 5.83702
4.70099, 0.485628, -8.11612
-7.30671, -5.35952, -3.8629
4.35895, -6.13592, 5.82505
-4.68162, -7.75195, 0.509594
2.78594, -8.90702, -1.12457
-7.5713, 7.00472, 2.2111
-3.37295, -0.967008, -8.74202
6.84766, 4.67944, 3.95109
3.70058, -7.12114, 6.0096
-7.03442, 4.00038, -4.22308
5.83113, 0.674635, -6.84372
-7.1246, -5.60465, 3.53286
2.78918, 0.586052, 9.45177
5.84636, 7.20775, -0.486061
-7.93799, -2.96969, -3.28696
-1.79001, 9.07699, 2.41597
2.40036, 9.02208, 3.24926
1.33843, -4.98467, -8.04863
-8.16984, -1.96498, -3.11354
-4.28643, 8.33435, 1.2501
-0.794474, 2.72778, -8.75693
-7.88957, 3.46755, -3.29341
-5.88087, -0.303447, -7.54472
9.26267, -1.90202, 0.292054
-3.91245, 8.67259, 1.44109
0.871782, -1.54008, -9.51533
4.62069, 5.1855, 6.65824
3.86038, 3.67872, -8.04359
7.38856, -5.19589, -2.73411
1.59794, -7.52088, 5.13687
2.9762, -0.979098, 8.89068
0.168498, -3.85627, -8.6268
5.49437, 7.37431, 0.150972
6.95561, -6.42381, 1.24662
7.5183, -3.62105, -4.30179
0.342784, 7.0397, 6.35715
0.356832, 1.92332, -9.25907
-5.97078, -5.65026, -4.90358
-7.35679, 3.5103, -4.62415
-4.17944, -7.87423, 1.50794
-6.71689, 3.79126, 5.60048
-6.58357, 5.35918, 4.47766
7.39036, -5.26955, -3.6572
-0.393633, 9.15047, 2.67538
8.71811, -2.84438, -1.0857
1.91558, -4.77703, -8.19356
-6.32539, -6.0209, -3.96188
-4.91042, -4.00479, 7.52489
-6.43682, 2.78186, 6.77608
-7.28692, -4.81605, -4.54358
8.97997, -1.33715, -3.26577
-0.804582, -8.87904, -3.96916
6.26944, 6.19761, -3.10027
-8.728, 3.05832, 1.45463
5.67725, -7.09601, 2.42256
-7.40123, -3.18904, 5.1703
-0.820926, -3.72346, -8.65597
3.93103, -7.66171, 3.97083
2.05396, -4.97796, 7.93384
-2.14828, 8.26797, 4.39517
-3.19233, 6.22029, 5.99173
-2.69339, -0.0888082, 9.03417
7.10033, -5.79966, -1.02788
-4.50418, -3.72989, 7.49343
-5.3158, 1.40135, 7.40568
1.37916, 1.9035, -9.1529
-7.63458, 5.02347, -1.67766
1.39545, -4.36048, -8.38687
-0.424735, 6.6151, -6.65723
-7.01063, 5.08593, -3.87141
9.36008, 0.842303, -2.87107
-2.85835, -8.01575, 4.47281
3.43156, -7.83798, -3.44248
-3.10653, -8.5947, 1.25231
6.30175, 6.41248, -3.57333
4.58944, -7.65192, 2.31593
-3.9759, 7.8347, 3.21256
2.7907, -4.31129, -8.17909
-2.88259, -8.81201, -1.43783
1.82885, 4.75094, -8.24672
2.1323, 4.17763, -8.49612
-8.94819, 1.27852, -0.880595
-7.44252, -5.76537, 1.96757
9.22676, -1.49124, 0.728
9.06097, 1.3751, -2.22282
-1.4853, -7.65566, 5.06855
5.56469, -5.9484, -5.22227
-7.17748, 5.41317, -3.07874
-8.25355, -3.45067, 2.53149
7.70326, 5.38203, 0.061633
1.63725, 1.3045, 9.77937
8.24143, -4.40385, -3.65197
-4.71325, -5.83718, -5.8041
-2.31774, 1.50011, -9.02466
7.42817, -4.02955, -4.47914
-8.95999, 0.38159, 2.55218
-4.96912, -0.167059, -8.22704
-2.33527, -2.93809, -8.52737
0.594563, -2.85041, 9.11711
6.85432, -4.99034, 4.63586
-4.81034, 8.13012, -1.88837
-1.39186, -9.02302, 1.86182
-3.84281, 5.39298, 6.34666
-5.32906, -3.36497, 7.23361
3.81819, -8.58067, 0.457825
-5.33305, -7.26196, 1.59484
-6.22364, 2.02209, -6.71834
-6.44988, 5.84963, -2.59707
4.6487, 2.04827, -8.05124
-3.0803, 9.08791, 1.15188
7.38771, 5.59592, -0.173533
-8.02568, -3.80014, 3.01043
-4.13585, 6.54006, 4.70581
0.616276, 8.49728, 4.43482
6.19837, 2.45988, 6.73323
2.96448, -8.32281, 3.52002
-4.21269, -8.19648, -1.20929
-2.7197, 8.76407, 2.33873
8.54706, 1.5275, -4.13357
3.36341, 2.43978, 8.28961
-9.49265, -0.0574311, 1.17809
-2.60438, 9.20015, -0.237137
7.77092, -5.29792, 0.581584
-2.26984, 1.10606, -9.17834
2.0201, 2.07457, -9.06265
-4.63782, -7.85604, -1.51505
4.46753, -7.62834, 3.7067
0.939234, 8.73846, 4.00842
-2.59656, -8.43159, 4.6388
-6.0467, -6.21782, 4.60907
-0.0299728, 8.97211, -3.17412
-0.96307, -9.63529, 0.353256
2.65133, 1.28969, -9.03953
-3.77453, 1.71357, 8.33674
-7.64938, 5.12073, -3.32208
4.92683, 5.23235, 6.32385
1.52786, 9.25924, 0.885051
7.50969, 2.27312, 5.05682
-5.73427, 7.01468, 1.58245
8.65103, 2.70803, -0.893038
-6.42294, -4.74612, 5.66163
-0.238764, -3.71898, -8.69964
-4.09039, -5.77905, -6.2215
1.0843, 7.17421, -6.27035
-6.10105, 5.12703, -4.57785
3.52571, -7.90364, 5.14237
-1.24469, -4.81777, -7.93808
8.55272, 2.11911, -3.61945
-2.14736, -6.39672, -6.64538
-6.86732, 7.08552, 1.32497
-8.64525, -3.73181, 1.71214
2.30073, -4.18998, -8.34665
-2.69094, 9.49267, 0.106768
-7.36653, 6.4141, 1.85729
3.79882, -5.26563, -6.49983
-2.49752, 2.21365, -8.61464
5.28961, -7.35394, -1.8271
-5.91759, -6.2449, -4.44261
3.95072, -7.26768, -3.99223
-5.53219, -5.43183, -5.51426
0.873585, 9.38609, 1.34907
2.99975, 7.17044, -6.13901
-5.72787, -6.30903, -4.85653
1.77399, -8.67073, -2.93752
-4.1118, 7.12861, 3.91119
9.31001, 0.267978, -0.22471
3.24444, -8.16373, 4.58632
2.7542, 5.88878, -6.92622
-8.74305, -1.20401, -1.44163
8.43633, -2.79037, -2.60533
3.70209, -8.54503, -0.425504
6.22956, 2.09057, 6.69914
2.19005, -3.84882, -8.51226
2.69884, 9.00661, 2.63261
4.09811, -0.977495, 8.25893
5.67946, 0.21633, 7.34249
7.52201, -4.40647, -3.31452
9.0152, -1.54102, -1.35999
3.57569, -8.08148, 1.9996
-4.86268, -5.65226, 6.11376
-2.35074, -6.56808, 6.04548
-4.44303, -7.5365, -3.82832
-6.32755, 6.65295, 2.03374
6.12842, -2.38176, 6.57422
8.45138, -3.03413, -2.09304
7.4882, -3.34281, 4.21465
2.21395, -8.68754, 4.91363
2.14214, 1.28865, 9.66829
1.72142, 7.83592, 5.50822
1.57439, 7.81445, -5.36021
-5.05392, -2.79243, 7.43253
8.81689, 2.0517, -2.34288
1.04245, 8.4746, 4.56384
3.26696, 8.5382, -1.65089
-2.58932, -9.09764, 1.00425
-7.31166, -1.03808, -5.78042
-4.52804, 2.09607, 7.99488
-7.55207, -1.46703, -4.79345
8.17938, 1.41504, -4.27568
8.12829, 5.08456, 0.515725
-2.96108, -8.22697, -4.50428
0.283016, 8.754, 3.86276
-4.96243, 5.86218, 5.21265
6.65076, -6.50124, 1.76815
-7.68495, -2.59293, -4.06542
3.22331, 1.61875, 8.60631
-1.80327, 4.47301, -8.15452
-6.15541, -6.82004, -3.545
9.32149, -0.312544, -0.236068
3.2425, 8.53848, 2.93246
7.58287, 4.88268, -4.73327
8.3798, -1.62053, -4.18268
5.80072, -7.07224, 1.87163
7.10392, 5.36346, 2.82375
-0.564349, 2.00082, 9.40921
3.62957, -4.34734, 7.85546
-2.51427, -3.19315, 8.41161
5.36126, -5.23573, 5.87036
-5.92702, -5.15449, -5.34563
2.16973, 8.16519, -3.70389
2.80039, 8.19919, -4.3788
-2.6186, 6.42418, -6.63808
7.68479, -5.38162, 1.31736
-2.46315, 7.56535, 5.03524
8.66669, 3.67239, 0.807798
0.591259, -8.47809, 3.24409
-8.43483, -3.31136, -2.68341
1.0714, 9.44524, 0.287944
-3.7974, -8.28248, -1.77679
7.98064, 3.63063, 4.29454
-1.03089, 0.472228, 10.0046
2.89455, 8.74724, -0.0903536
9.52333, 0.145191, -3.18631
0.269793, -1.94931, -9.34055
1.88004, -7.51228, 5.92675
-3.80349, -2.29097, 8.27359
-1.74125, -9.15173, -1.72356
-2.66202, 7.98556, 4.51927
5.96665, -1.82311, -6.46735
6.51, -4.82253, 5.21362
8.21524, 0.741201, -4.87308
-4.4082, -5.23233, 6.40934
0.433599, 8.75832, -3.97745
-1.37065, 9.31744, -0.380838
3.38264, -3.88566, -8.1083
-8.00353, 2.81217, 3.78226
3.78337, 5.96449, -6.38041
8.30715, -5.1221, -3.22684
-2.47878, 4.96777, -7.86816
8.99646, -1.10987, -2.45527
-3.38898, -8.69841, -0.604797
7.22828, -5.44158, 2.91364
-6.70624, 2.78989, 6.36865
-4.85274, -2.50369, -7.41806
-0.896338, 8.98346, 3.02908
6.27079, -6.62778, 2.42382
-4.09687, 8.04421, -3.99477
-7.48693, -4.081, -3.1306
7.05866, -5.03525, -2.99913
-3.0081, -5.73943, 6.5375
7.52326, 0.0168146, 5.78354
-0.927731, 8.99666, -2.26509
-8.97561, -0.841381, 1.07362
-5.44075, -1.64033, 7.16832
-4.27632, 5.09275, 6.35484
-0.532472, -6.52026, 6.52915
3.7518, -6.55674, 5.8838
-8.48349, 3.56829, -0.196463
4.3759, -5.98839, -5.6496
-2.67399, -2.19742, -8.6804
6.51128, 6.62139, 0.709615
5.40559, -4.31389, 6.53553
5.45086, 2.12699, 7.1932
0.248728, 0.643912, -9.63126
3.60999, -2.45155, 8.33349
4.76639, 4.50541, -6.81749
-5.31245, -6.37695, -5.1112
-7.01342, -3.68146, -4.69591
2.39577, 8.60452, 4.5292
1.51191, -9.2634, 0.642622
-2.64054, 8.12525, -3.99672
-6.81278, 6.28023, -0.417272
2.63434, 8.3671, -3.85494
5.78138, 3.51752, -6.49818
-5.05796, -7.6355, -2.68698
1.41774, -2.38806, -9.11948
-2.91771, 0.73829, -9.08782
0.888965, -7.40551, 5.29204
-4.05707, -1.8439, 8.26556
-4.90542, -6.77731, -4.80313
-7.30865, -5.26497, -1.68223
4.76639, 2.16013, 7.66759
-1.468, -9.57499, -1.235
-0.956663, 1.24962, -9.39459
0.799188, 9.18989, 2.48954
0.010832, 3.81945, 8.48872
-7.5806, 3.0472, -4.27769
5.02177, -1.22581, -7.23394
-2.13792, -8.54243, 4.96314
4.50292, 3.50466, -7.7263
-0.461694, -4.75554, -8.10798
0.498978, -2.23071, -9.20782
-4.59163, 8.64295, -2.33772
-0.800103, 1.27129, 9.65876
-1.50947, 4.71743, 7.87554
-7.26933, -3.94743, 5.22927
2.12299, 9.00179, 0.205633
-1.31879, -9.61577, 1.08793
7.73593, 0.386845, -4.86002
0.708383, -0.258741, 9.6351
-3.05438, 2.3886, 8.91537
4.96583, 8.09002, 0.849106
-6.89638, -5.66106, 4.3675
7.53909, 2.93445, -4.87381
-2.76044, -4.43427, 7.66757
6.97497, 5.23729, -3.51736
8.99809, 1.42694, -3.46152
4.23688, -7.2417, 4.53338
-2.07127, 5.23797, -7.44581
5.18404, 1.18858, 7.60145
-0.442789, 5.73813, 7.50508
-1.82813, 3.70267, -8.30903
-0.405767, 7.9256, -5.12796
-1.56441, 1.91572, -9.01821
-7.99683, 2.03421, -5.11137
1.7336, -5.6319, -7.54905
-4.91696, 8.77088, -3.07333
4.94242, 4.51783, 7.28022
-5.83152, -4.02728, -5.88253
-4.45114, 5.1705, -6.09855
-2.66376, -4.83981, -7.42899
0.679014, 9.04778, -1.41107
6.75963, 0.86575, 6.33616
-1.5628, -5.0876, 7.51116
2.02878, 7.55956, -5.9174
-3.20727, -8.60087, -1.61077
8.70634, 0.218722, 3.65199
0.693716, 9.07145, -2.7715
-2.16305, -0.992686, -9.21789
2.26112, 0.447954, 9.39161
-4.15729, -2.62145, 7.97121
3.66017, -4.21089, -7.50201
2.36796, -5.21085, -7.84402
7.52884, 3.41701, 4.6023
-2.51967, 8.48876, 3.64438
2.39664, -4.82087, -8.0264
9.21622, 0.934907, -0.0272987
1.65947, 7.32857, 5.75818
0.0642055, -8.98823, -2.51863
8.47755, -0.879494, -4.37566
-1.74161, 1.4657, -9.21439
-1.06872, -3.73002, 8.4792
-1.18972, 3.993, 8.30958
7.57811, 4.08157, -4.25225
-7.91704, -2.05321, 4.95525
-6.03715, -6.7818, -4.16091
8.8719, -0.774707, 4.1139
5.9822, 2.99559, 6.31095
0.791763, -2.80751, -9.25275
8.57613, 4.08231, 1.35558
6.88873, 4.93371, -5.40121
-6.37881, -5.55561, -5.14768
2.98744, -8.00856, 3.04469
-0.672194, 9.28543, -0.572521
2.68252, 7.88551, -4.79417
-0.00680307, 6.05818, -7.07411
-0.246247, 4.56411, 8.09559
-0.251226, 9.26101, 2.00649
-3.67941, 8.70888, -1.92848
3.47297, 7.79581, -4.2856
-7.05098, 2.42732, 5.78392
6.95274, 2.72462, -5.69046
1.89809, 6.42221, -6.54462
-3.26666, 1.26108, -8.78203
1.18212, 1.72416, 9.61547
-8.34181, 3.69387, -1.18339
5.09553, 6.67762, 4.2227
8.88231, 0.46149, -4.75932
2.42232, -9.07558, 0.272909
5.19599, -6.1845, -4.55046
-6.40009, 6.95492, 0.309043
-1.25518, -1.65516, -9.30585
5.22225, 4.82518, 6.57565
0.119465, -3.78705, 8.76041
-6.91662, 3.08413, 5.717
2.09767, 3.49338, 8.46274
-0.952472, -9.58551, -0.685178
-3.16526, -5.58403, -6.7634
8.65937, -0.702712, 4.5713
-8.18856, -0.917632, -3.56068
1.71818, 2.52989, -9.01536
-6.87954, -5.16714, -4.73633
6.9202, -4.24486, -5.02289
3.68148, 2.959, 7.84712
-6.10766, -6.76887, 1.69616
4.13341, 3.42351, 7.71664
2.59829, 8.13389, 5.09724
6.69494, -3.20619, 5.74485
-7.28177, 6.85435, 1.56766
-9.02744, -0.282118, -4.44957
0.496779, 2.98097, 9.07007
0.432364, -0.432694, -9.98024
2.43012, -6.74625, -5.6421
6.32429, 6.06735, -1.4855
8.49063, 4.71023, 1.08325
6.60865, 6.24942, 2.20644
4.42603, 4.10829, 7.89128
-4.57053, 7.7945, 1.8423
3.09269, 8.91392, 3.37769
-8.40883, -0.589298, -3.66471
6.74089, -2.43971, 5.93575
6.79806, -5.98039, -4.50867
-0.62924, 8.94816, -3.05592
1.88116, -7.79177, 4.66763
-4.3184, -5.61687, 6.19371
8.5424, 0.073484, -4.36994
7.74872, -5.18291, -0.00450577
3.86053, -6.88823, -4.77049
-5.72715, -5.64874, -5.06462
1.40563, -0.608373, 9.39821
9.15811, -1.69185, -0.522048
-4.58898, -2.86814, 7.73774
-3.70203, 8.07871, -4.46821
-2.84172, 1.60303, 8.82484
-5.10774, 1.50409, -8.00686
-2.75727, 4.80346, -7.50187
6.82969, -6.41316, -0.44966
-8.51317, 1.74512, -4.4849
8.77095, -2.08943, 3.03673
-6.68526, -4.88469, -5.45966
-8.73653, 0.123797, -2.57007
-7.70862, 2.40271, 4.5676
-5.33038, 4.99573, -5.65167
9.35816, -1.10228, 1.10598
-9.48442, 0.0131983, 2.31756
7.54467, 5.85107, 1.16087
5.49492, 6.60938, -4.18658
2.99871, -0.0616448, 8.88902
1.14024, 5.46277, -7.5419
-5.34225, -7.29353, 3.22584
-0.697895, -0.661867, -9.64484
-3.27434, 8.08466, -3.82107
-6.65492, -4.21724, 5.90166
-3.27146, -2.51994, 8.72149
-0.0121338, 8.28692, -4.14216
-4.22118, 0.99089, 8.22479
-2.27925, -9.08038, -1.46334
0.922787, -8.79701, 2.41878
-3.99014, -6.67382, -5.587
3.50903, 5.58806, 7.25033
-4.79043, 4.347, 6.73549
6.26374, -6.93509, -0.686048
7.7312, 4.71356, 2.61921
1.44162, 8.77665, 4.09665
3.45841, -1.22598, -8.67447
-0.522386, -8.42302, -4.74629
-5.78141, 7.03427, -0.831273
1.57479, -2.42035, 9.19478
9.06568, -2.08554, 1.82668
6.61519, 2.38347, 6.09706
1.30856, -9.31094, -0.573727
3.71677, -5.031, 7.47353
-5.71703, 2.84795, 6.95137
-6.76953, 5.78828, 1.15731
-5.79603, -2.28166, -6.77593
4.37791, 8.20472, 0.273976
-7.05502, -5.16366, 5.05729
-8.14353, 2.99624, -4.14654
4.76355, -0.310924, -7.72597
1.91616, -3.71897, 8.51453
1.96107, 8.08433, 5.16347
-3.3591, 8.43423, 2.63219
2.6264, -3.29324, 8.4803
3.47209, 8.64832, 0.763544
0.161587, -7.97134, 4.59417
5.34702, 5.30894, -5.84068
-6.024, -6.63192, 3.43725
-8.46338, -4.47817, -2.32953
7.72236, 3.6501, 3.78373
-4.86278, -4.25837, 6.88007
6.35256, 4.56291, -5.73054
1.42377, 3.77512, 8.47234
5.60311, -3.0723, -6.28375
2.09894, -8.61017, 4.42198
2.46984, 6.51312, 6.47468
-7.04619, -3.23245, -4.98101
-3.57914, -0.261627, -8.83854
8.36896, 3.9435, 2.24347
-3.89345, -7.96519, 2.26208
-3.6247, -8.22882, -3.22561
8.50323, 4.28252, 1.84451
2.15348, 7.23572, -6.26681
5.13667, -6.42606, 5.11078
3.41069, -8.69936, -0.973756
4.94179, 2.49953, -7.73296
-9.245, 0.522701, 1.93357
4.08521, 8.13382, 2.67237
2.85859, 8.61424, -2.32211
-7.18545, 6.67873, 0.44703
3.79041, 8.45535, 1.65135
5.40985, -2.11524, -7.07177
-1.68846, 9.2019, -0.923219
3.06515, -4.86395, 7.69979
8.46965, 0.474579, 4.34413
-3.86938, 1.98015, 8.56312
-6.47811, -4.29309, -5.09436
-5.97142, -6.86725, -2.76434
-8.37725, -3.92703, -2.4351
-6.6336, -3.73139, 6.1983
-5.88713, -1.71202, 6.87971
-4.23826, -1.87565, -8.00099
-7.4325, -5.42266, 1.20852
-1.2041, 4.01772, -8.56405
7.85367, 3.37116, -3.69638
9.13623, -0.579622, 2.32389
0.0260205, 3.96699, -8.70516
-1.69046, -5.40118, -7.62091
4.77837, -5.16108, -6.3167
-0.491686, -7.26708, -6.18299
-2.2151, 6.70049, 6.46911
2.62258, -4.96249, 7.80637
4.23619, -7.48738, -3.2972
-3.94838, -3.07223, 8.06022
2.95862, 2.89421, 8.38661
-6.84704, -4.68176, 5.35247
6.36706, 6.06634, -4.11184
-5.87373, -5.66672, 5.53811
-2.56479, -6.14829, -6.67087
8.10004, -0.542371, 5.65849
-9.21304, -0.251372, 1.58819
-0.310152, 0.0817623, 9.94483
1.86495, -0.0739833, -9.47835
2.84053, -8.76725, 0.959022
7.50739, 5.49618, -0.61975
1.09826, 2.74842, -9.01426
2.73805, -4.77529, -7.9894
-2.11475, 8.5585, -3.28529
-3.13307, -1.75392, 8.58259
-5.90294, 3.58314, -5.93068
-2.0602, -8.35639, 4.00294
-2.79988, -9.10174, -0.106442
-2.82655, -8.42351, -4.10402
-7.74658, 4.44239, -2.90116
0.1698, -5.16233, -7.96589
3.83506, 7.28219, -4.78159
-4.46971, 3.18507, 7.64361
-4.89393, -6.10638, 5.73863
-0.130645, 8.23791, -4.68107
-6.83193, 6.51965, 1.89404
-3.00809, -6.43998, -6.3417
3.27209, 8.91696, 3.84987
5.04922, 6.91642, -3.07418
-8.37669, 3.84245, 3.59525
-1.51093, 1.22439, 9.36867
-8.9185, 2.33114, -0.416632
3.95659, 8.44133, 1.00383
-8.56538, -2.07341, -2.05638
3.28432, -5.58099, 7.02457
-6.25446, -4.22962, 6.49116
-8.36622, 1.22056, -4.42228
-6.88498, -4.9168, -3.7848
-8.35288, 4.35349, 1.03712
-2.34424, 8.82336, 2.65704
-0.346649, -0.898487, 9.73742
-1.9564, 1.18906, 9.23101
-1.29653, 4.32408, -8.31059
8.82007, 0.233502, 3.30809
6.65668, 2.83409, 6.35476
9.37906, 0.1472, 0.879542
-0.994642, 7.73932, -5.34222
1.12752, -3.8865, -8.63793
4.036, -8.35954, -1.36548
5.46985, -2.66101, -6.7881
-6.63544, -3.51951, -5.23794
-7.57406, -2.84306, 5.05902
-0.175759, -8.23913, 3.90934
2.57097, 0.399378, -9.15396
4.51474, 8.24637, 1.33599
4.14971, 2.56374, -8.28375
7.12441, 4.14563, -5.13523
5.28266, -7.5922, -1.15297
-0.0599949, -6.01993, -7.34327
2.29021, 8.90147, 3.81939
4.81381, 1.05475, -8.02409
5.10284, 1.13311, -7.67665
-8.99632, -0.388588, -3.75108
7.21265, 6.02822, 0.800781
3.43362, -6.60761, -5.46653
7.22954, -3.85307, 4.81742
-3.46056, 7.68254, 4.11086
-4.81474, -6.2, -5.37445
-6.53571, 2.75927, -5.97189
4.47339, -8.44421, 0.059062
-1.18554, 5.62825, -7.29046
4.96293, -8.01904, -0.283527
2.20179, -6.86514, 6.33756
1.99789, -9.21948, -0.186882
3.56542, 2.09566, -8.65326
9.18403, 2.49285, 0.792509
3.16433, -5.37466, -7.57953
7.34029, -3.21856, -4.69536
-0.758857, -5.28134, 7.52528
1.53999, 9.15971, 2.64866
6.59791, 4.10899, -5.71928
-0.0101731, -6.63024, -6.90357
-1.11454, -6.0473, -7.09072
6.333, -4.77701, -5.445
1.13212, -7.7315, 4.71876
-3.80695, -4.84092, 7.24023
2.5868, -6.52113, 6.47116
6.218, 1.60753, 7.02189
6.6737, 2.27095, -6.06117
-5.59476, -0.582334, -7.93557
-5.0855, 7.6967, 0.38841
1.77527, -1.23699, 9.26736
7.6724, -5.66894, 0.341714
-0.437267, 7.28325, 6.63244
8.31481, 0.36319, 4.76316
5.84385, 7.15639, 1.60772
-2.92999, -2.60437, 8.79262
0.0307196, -2.85626, -9.23561
4.98848, 6.85181, -3.64377
-6.97941, 6.16551, 0.551578
7.06615, -3.27382, 5.19583
9.47762, -1.77372, 2.60493
-8.14074, -0.616969, -4.89292
7.4093, 5.73626, 1.87792
-3.59814, 5.89629, -6.09574
1.24309, -5.44448, 7.59376
4.70407, -6.9098, 4.7884
-1.05709, -4.82735, 7.91476
6.49443, 6.56058, -0.220612
-7.86794, -2.61368, 4.3996
-8.80538, 2.13463, -2.09948
-7.89982, -4.71534, 1.83565
0.972791, -2.91093, -9.02482
2.11065, -3.01921, 8.81879
9.06302, -2.00558, -0.668866
0.872619, 8.5895, -3.96061
-1.19321, -0.485934, 9.84459
7.61347, 1.34204, -4.70302
5.49799, 2.31453, -7.04969
8.22429, 3.34636, 3.0314
-5.00355, -6.90633, -4.30799
-7.45942, 5.35675, 1.63953
-3.02512, 5.22237, -6.89527
-0.582538, 4.89364, -8.58087
8.46581, 3.83082, 0.110759
3.81621, 4.58746, 7.58071
7.90441, 4.41784, -3.42377
-4.58842, -0.160451, 7.80802
2.48551, 8.84492, -2.08764
-7.06199, 6.30084, 1.4915
8.64278, 3.49501, -0.318546
7.69462, -3.99204, -3.73359
-0.793134, -7.90916, -5.57473
-7.34579, -5.44003, -0.096205
6.72318, 5.74587, -3.17969
5.81378, 5.66664, 4.47929
-2.21667, 6.9037, -6.49008
1.78229, -5.16035, -7.93374
-9.09893, 0.753942, 1.31636
0.221502, -4.38775, 8.59153
-1.73461, -9.58224, -0.0754699
-3.50554, -6.89734, -5.82368
-8.56528, 1.47707, -3.93367
4.7287, 7.86433, -0.0801342
1.05336, 6.03361, 7.09322
0.878015, 6.31035, -6.89475
-3.27809, 9.44163, 0.3776
-4.90693, -7.32247, 3.58932
-6.36028, -2.47167, -6.07332
-5.07837, 5.30036, 5.73866
-3.62426, 4.12506, 7.67043
3.41899, 2.78498, -8.56514
-6.94676, 5.76197, -1.19483
-4.90907, 7.22466, -3.61832
6.87744, -3.48977, -5.09199
0.400809, 0.238567, -9.72685
-8.79447, -1.76439, 0.126292
-0.537203, -4.4049, 8.31286
-8.93294, -0.631722, -4.47377
-3.27261, -2.30688, -8.34665
-1.82119, -5.54294, -7.25125
-7.22128, -5.91538, 2.6254
-1.43358, 0.217288, 9.65876
1.76279, 9.15565, 0.410558
3.20917, -2.92244, -8.43691
-2.6308, 6.91302, 5.78467
-7.48632, -2.27732, 5.45904
4.94613, 4.69578, 7.14283
-3.27712, -2.20438, 9.02092
-3.11707, 2.27388, 8.37527
-7.73409, -4.10294, 4.47695
-8.64405, 2.76368, 2.55298
1.09633, -7.98616, 4.3116
-0.501648, 0.134755, -9.67196
7.48016, -5.44246, 2.12936
-4.94494, -4.84404, -6.29826
-2.11452, -9.27717, -0.883273
-4.36886, 6.35949, -5.09381
-7.59069, -4.96836, -1.91955
2.07376, 6.14841, 6.80359
1.24884, 6.70746, -6.67467
-8.84164, 0.888068, 1.95269
-7.76937, 1.37575, 4.65635
-8.48139, 3.89529, 2.83315
1.32829, 8.61282, -3.71848
-6.26256, -2.92242, -5.98103
5.32752, -1.7512, -7.23689
8.06123, 3.70398, -1.91163
-8.81494, 2.96599, 1.72138
7.82979, -3.98839, 2.87456
-3.66052, 2.44171, 8.74261
-5.80213, 5.2916, -5.10709
-8.78585, -1.23527, 1.04587
8.50295, -1.75276, 3.89593
7.15094, -2.62718, -5.12775
7.6522, 5.28488, 2.09524
1.51235, -3.61077, -8.73178
-6.7685, 5.9141, 1.99825
7.95889, 4.26265, -4.73134
-6.43986, -6.40608, -1.85335
9.11395, -1.48083, 3.04597
8.21298, 3.88613, 2.61567
-7.02574, 1.68753, -6.30049
-7.29697, 6.38552, 1.01492
4.49037, -6.27837, -4.83344
4.31411, 4.32861, 7.58799
-3.20413, 6.88373, 5.2517
-2.00719, -9.44873, 1.14184
7.77643, 2.993, -4.37678
0.412282, -1.11003, 9.4226
3.53937, 3.64012, 7.6818
7.09685, -6.42481, 0.503197
0.676405, 1.16558, 9.7936
-8.37602, 4.39022, 2.98397
1.60659, -8.2111, 3.47582
-7.47656, 0.0366671, -6.03417
0.866197, -0.294176, -9.80025
-8.63504, 2.19334, 2.04204
-0.514311, -2.34282, -9.29026
0.478006, 9.41382, 0.346677
-7.45248, -5.39948, 3.00276
-6.73281, 0.73204, -7.08613
-5.67439, 6.83346, -2.31724
-5.42291, -6.40893, 4.47112
2.96727, -7.80961, 5.18001
-7.33254, 3.0969, -4.96556
-3.15598, -7.77094, -5.00984
-4.91021, 3.01447, -7.01387
6.57941, -3.30818, -5.36419
-0.336113, 7.67248, 5.64188
-8.85955, -1.3996, -0.365246
-4.51645, -0.640818, 7.83379
5.36325, 3.47516, -6.82268
-5.59072, -4.90828, 6.68863
-7.22109, -0.514041, -6.17846
1.07073, 0.0785322, -9.69438
-4.95254, -7.53574, 2.38437
-1.25186, 5.03565, -7.86145
7.73842, -1.35871, 5.50073
1.83684, -3.40492, -8.76106
-2.25741, 0.286952, -9.35215
6.20439, -6.06633, -5.10123
1.73194, -8.30919, 5.19301
7.46881, -1.10382, -5.15001
2.26362, 1.67441, 9.31407
2.0275, -8.42513, 2.61018
7.23009, 1.87154, -5.42149
-3.8048, 9.01208, 0.330623
-7.25464, -2.71956, 5.55847
5.58953, 3.26908, 6.67735
-2.69714, 2.92535, 9.03895
5.69554, 6.50464, -4.0105
-8.59562, 0.896003, -3.88191
5.70507, -6.36521, 4.78841
0.219921, -4.62831, -8.37153
-0.0208233, 2.34097, -9.19166
5.86644, 4.30571, -5.87006
4.35458, 3.18332, -8.201
-5.05649, 6.34624, -4.41225
1.74574, 2.90139, -8.95238
6.87159, -0.242842, -5.58126
3.99297, -5.42881, 6.68339
9.55163, -0.666317, 1.41013
0.193835, -9.63108, -0.532906
-2.65305, 2.88728, -8.22915
-5.4036, -5.81503, 5.63751
-3.27264, 2.95242, 8.7388
-6.90912, -5.58487, -3.82471
-4.92216, 5.65282, -5.4117
-8.09364, -2.57007, 4.8361
8.41163, -0.451852, -4.48749
-5.13088, -1.56135, -7.67521
-6.37176, 4.90202, 5.22874
-1.47832, 7.5261, -5.50056
-3.67043, 0.218202, 8.49303
-6.63043, 2.34622, 6.42221
7.80616, 2.4228, -4.07772
-6.53846, 3.46438, 6.17567
-1.6862, 7.05483, 6.23552
-3.21858, 5.40813, 6.71728
6.94273, -1.2754, 5.79921
3.23468, 7.82858, 4.74931
6.08705, -6.59876, 3.30356
6.23468, 3.71405, -6.00571
0.538018, 8.83177, -3.57789
-2.10357, -8.97213, 1.58607
-6.84175, -3.97755, -4.58221
-5.14006, 7.46977, -2.18745
2.51553, -2.07722, -8.89849
-6.58687, -0.312626, -6.91577
3.6119, -3.69313, 8.01295
-1.71567, 8.95265, -2.22812
8.17775, 4.4317, 2.04853
9.17255, -0.512267, -0.897994
-0.848954, 6.94303, 6.57492
6.02733, 6.61031, 2.49985
1.29435, 5.88542, -7.11517
4.1698, 6.20743, 5.7616
1.0395, -7.50262, -5.61627
-0.67686, -8.80215, -3.60779
-8.76251, 1.51457, -3.07888
-2.80742, -8.60504, -3.58871
-8.12797, 4.68208, 0.63846
7.92029, 1.65288, 4.56948
-4.81739, -5.05074, 6.77642
-7.24258, -2.1687, 4.54242
-1.20379, 7.29076, 6.15939
-5.13487, -7.29129, -3.90483
8.59623, -1.4267, -4.65302
3.35867, -8.18462, 4.04528
-0.935401, 7.67536, 5.74335
1.55025, 2.19722, 9.36816
4.17404, 1.45418, -8.51233
8.35701, -2.16438, 3.67375
2.40515, 2.66233, 8.7751
1.93686, -2.8389, -8.87335
-7.34123, 4.90111, -3.65664
-8.23986, 4.49527, -0.617834
-4.08247, 4.25324, 7.2417
-2.20987, -1.30131, 9.08669
3.94179, 5.5288, 6.90547
-6.39438, -0.582235, -7.46106
-4.52318, -5.38032, -6.22951
4.42174, -8.46269, -0.283096
-8.423, 3.39382, 3.12638
-2.05429, 5.49262, 7.24754
3.77892, 2.42978, 8.06346
-0.335868, -6.61532, -6.76968
5.23613, 6.88431, -4.49663
-1.31907, -6.14329, 6.70865
-2.97524, 6.32592, -6.28942
1.8516, -7.92651, 5.75778
1.73982, 5.22725, -7.71006
-0.257723, 5.33056, -8.24357
-0.56667, 8.541, 4.19132
8.11799, -2.76395, -3.55412
5.6468, 7.02466, -1.08084
9.46198, -0.173438, -2.12904
-5.21963, -7.2326, -3.0632
5.36196, -7.68877, -0.346744
-7.29073, 5.08499, 3.99752
4.11496, 3.58563, 8.05427
9.29581, 0.645141, -2.3448
3.73892, -5.7922, 6.53108
5.08669, 5.70432, -5.62849
-6.1231, -6.28515, -3.72363
1.61651, 8.22117, -4.52493
6.56954, 1.22189, 6.76989
4.92701, 6.47187, -4.7501
6.33389, -3.27327, 6.18827
-2.62249, 6.93238, -6.20067
1.74562, 5.6763, -7.28154
0.0947673, 2.04761, 9.57918
-2.52309, 4.20405, -7.74213
2.86475, -7.02511, -5.14988
2.21231, -7.78562, 5.59054
-0.697526, 8.1151, 4.91033
1.44177, 9.04328, -2.82087
-3.77515, -6.29837, -6.05472
-6.18728, 1.39282, -7.72148
6.64909, 5.72033, -1.98039
0.960928, -4.26913, -8.47163
0.91658, 2.66062, 9.228
7.79041, 4.59647, -4.12272
-0.148947, -1.83564, 9.27158
0.916484, 9.30159, 1.12041
5.7505, -1.7209, 7.06491
6.66108, -3.88084, -5.24008
4.07825, 7.47474, -3.67445
3.18342, 6.32463, 6.25953
-1.31781, 6.12985, 7.16817
-7.96469, 3.89118, 3.98006
6.2993, -0.575654, -6.26507
-4.00971, -8.42377, -0.225748
-7.96605, -1.76035, 4.58776
0.167849, -8.72988, 2.91873
-7.42844, -4.97143, 4.57336
-8.66363, -2.59549, 0.962852
-5.66523, -7.05015, -3.07433
3.93524, -6.39, -5.69998
3.99223, -7.82462, 4.94535
2.17128, 9.06733, 3.08278
8.48038, -3.50198, 1.39784
-8.76772, -1.97281, -1.45544
6.32021, -1.59655, 6.51944
1.20176, -5.96608, 7.16096
-6.88117, -3.70774, 5.72705
7.05185, 5.138, -4.56933
-1.48253, 6.17694, -6.92253
-2.11772, -8.89565, -1.97859
5.5626, 4.40434, 6.33189
7.63503, -4.67228, 2.80155
-2.25934, -8.75132, -3.15648
7.48343, 4.81791, -3.48264
8.3544, -0.580267, 4.69511
3.74614, 8.18683, 3.24159
-7.46997, 4.63778, 4.18399
9.36644, 0.212747, 1.47905
-0.691232, 1.69643, -9.26028
-8.12527, 4.11201, -2.0004
-6.34785, -5.07375, -4.85414
-8.41792, 4.08232, 0.303853
5.34236, 7.85814, 1.48338
-0.0651, 3.51459, -8.85706
9.31338, 2.52917, 0.299041
6.17173, -5.57273, -5.51308
0.827967, 3.01394, 9.04205
-8.51125, -0.217796, 3.13403
9.28773, -0.798379, -0.509905
4.66109, 5.62148, 6.08718
-6.34454, 6.6224, -0.906922
-8.25221, 2.35492, -3.96848
-5.9144, -4.7622, 6.23503
-2.28936, -8.61149, 2.06472
-2.08489, 3.14618, -8.27953
6.98633, 6.1566, 1.50993
-8.93168, -1.01714, -0.0763453
9.11674, 0.249567, -1.85182
9.31065, -0.214386, 0.80902
0.357589, -7.0456, -6.96635
-2.46469, 3.40032, 8.41245
9.25398, 1.00196, 1.25494
-6.55303, -1.98556, 6.16541
4.92156, 5.08476, -6.30181
-4.65611, 8.11953, -2.87048
-1.66779, 2.34929, -8.78823
5.88659, 4.19745, 5.79872
-7.17048, -5.003, -2.71059
0.981661, 0.516962, 9.72234
7.2091, 4.54603, -4.84748
-0.168966, 0.66567, 9.87718
3.59088, -7.89587, 4.57835
-0.497116, 7.46504, -5.80633
2.93347, -3.6199, 8.23808
1.64266, -8.93685, -1.98043
7.35312, 3.27313, 4.7908
1.35756, -1.89538, 9.26871
-2.12843, 7.81042, -4.78066
-1.2679, 8.556, -3.67292
-4.87874, -7.79035, -0.608802
-4.2344, -2.78415, -7.62438
-1.64136, 8.66215, 4.11121
0.514774, -5.96669, 7.20747
6.52761, 5.04535, -5.22491
-1.32765, -2.48866, -9.14122
3.22356, 3.36152, 8.01215
-5.50179, 6.16543, -4.02535
-7.33032, 3.42014, 4.95582
6.83518, 5.89318, -1.03923
-1.41426, -7.15792, 5.6566
5.75459, -3.65098, 6.69452
-8.73056, 0.259128, -3.97081
5.56005, 6.75267, -3.5432
-9.08988, 1.47239, 0.926512
-1.9869, -0.136623, -9.43274
-8.38016, -2.82005, 2.36012
-1.52721, -9.63532, 1.47413
7.46116, 4.5115, 4.54519
-1.70552, -8.61777, 3.89004
-5.30626, -4.82127, 7.06914
4.68427, -1.58193, 7.84879
2.86083, -2.80658, 8.67439
-2.01794, -7.38317, 5.39902
1.36918, 6.68023, 6.5421
9.0288, -0.405153, -1.4268
-1.43745, -9.39398, -0.862877
-3.54314, 2.64431, -7.97046
-1.9037, -8.31149, 4.70744
1.46018, 9.10381, -1.22691
2.28113, 7.70762, 5.48891
-4.06908, 8.36225, 1.99034
8.98143, 1.44295, 2.23956
2.31636, 8.63833, -2.72129
2.15024, -9.36535, 0.499706
9.18915, 0.334554, -0.662673
1.18185, -9.18917, -1.44562
0.63504, 8.24519, 4.91289
9.39943, -0.493671, 0.215436
-1.66221, -3.84853, -8.30832
-0.326626, 8.77551, -4.09935
-0.382999, 2.11295, -9.17642
4.82853, -8.02235, 0.375358
6.83116, -5.77178, -3.19303
-3.78867, 3.09338, 8.29951
1.53571, -6.73114, -6.37597
-0.982255, 9.15151, -1.39199
6.28958, -5.69354, 4.47155
3.97782, -8.84378, -0.63308
0.901562, -1.24776, 9.38877
4.63087, -2.61756, 7.65549
7.94495, -4.09912, -2.54976
-5.78615, -2.66445, -6.57887
2.43742, 3.47505, -8.65248
8.16396, 3.19201, -2.83624
-5.8308, -6.96434, -1.48502
-7.81732, 5.07434, 0.699844
-1.87844, -9.41062, -0.392412
-6.85681, 4.62555, 4.88122
-0.487691, -8.56685, -4.34711
-3.83058, -3.68621, -7.40684
5.67377, -3.25208, 6.79273
-8.11956, 4.54435, 4.01415
-2.71882, 0.897886, 8.97439
-7.72573, -2.47227, 3.60494
-8.28992, -4.51296, -0.3214
4.51729, 1.00257, 7.99852
1.0445, -6.73525, -6.43695
4.82218, -7.86347, 0.880386
-6.06129, 6.29638, 3.41173
-1.08912, 6.58358, 6.85173
-3.15445, 9.18851, -0.138622
0.0778154, 5.02311, -8.29947
-1.62883, 6.83155, -6.49983
-1.34047, -1.18778, 9.34772
8.43297, 4.37201, 0.591112
-7.61712, 1.75983, -5.47833
2.51416, 9.04638, 2.32135
7.62446, 2.52529, -4.70001
4.36, 7.75043, -1.76501
1.76854, -8.67037, 4.66432
3.34188, 5.11467, 7.44309
-1.36914, 8.19825, 4.65304
-4.53881, 8.443, -3.41067
8.97721, -0.448963, -4.00742
-4.47378, -7.82272, 3.14337
3.29864, 5.60833, 6.94877
4.32331, 8.11796, 2.03355
0.583706, 7.64675, 5.55774
7.32669, -5.84043, 1.61819
8.97702, 1.63685, -2.71637
5.69876, -4.65703, 6.06538
7.87673, -4.95611, 1.09976
-4.29565, -7.39842, -4.3479
5.14872, -7.16466, 4.25533
-1.0989, 2.25446, 9.1428
-4.76698, 7.63175, -3.10878
-1.49733, 2.22704, 9.08158
4.35547, 6.54832, 5.20298
2.55462, -8.22536, 4.72474
0.936349, 7.98933, -5.03762
6.54614, 3.25875, -6.03913
-9.47471, 0.451174, 1.43755
-2.86868, 4.12295, 8.05928
2.23256, 8.84794, -1.03814
-6.72843, 2.00966, -6.37719
7.5242, 4.37404, 3.28354
8.18915, -0.164921, -4.95911
-2.84155, 0.238764, -9.18939
-8.81755, -2.29336, -0.598887
-8.01849, -4.68166, -0.16181
-7.95242, 2.34005, -4.75783
8.8373, -0.162726, -3.62273
0.167571, -1.58631, -9.60137
-8.68023, 2.02282, -3.14863
-5.7664, -3.14829, -6.34986
-5.58867, -4.9305, 6.15059
-1.53997, 3.33436, -8.41977
-0.957059, -9.03037, -2.20038
-7.93499, 2.75566, -4.59444
4.65998, 3.8854, 7.57439
-4.55362, 8.93861, -3.60616
-2.09679, 1.75098, 9.13169
-0.86342, 2.24363, -9.02527
-8.12532, -4.6887, -1.39753
-5.35413, 3.56436, 6.95692
1.90371, 9.1497, 1.45338
1.17465, 9.02481, 3.31617
0.615327, 7.52944, -5.7795
-3.11547, -8.55088, -2.77204
5.63207, 4.81282, -5.99342
-6.35786, 4.65819, -4.87454
-7.91517, -3.26252, 4.14533
-0.585539, 3.08332, 8.84445
-4.97253, -6.16552, 5.11218
9.21861, 1.96319, 0.96212
-0.0315639, -9.48514, -1.0523
5.00516, 5.93071, 5.32348
-5.86768, 4.30226, -5.56595
6.55561, 6.47879, -0.624596
8.66302, 2.52314, -2.29786
8.08136, -3.22714, -3.2839
4.60748, 3.06935, 7.75044
-6.14817, 3.48666, 6.53849
-3.73287, -4.20685, 7.66263
-2.31099, 4.64543, 7.73766
-3.87303, -1.08257, 8.32804
-7.2186, 2.45591, -5.56276
0.754222, -6.66427, -6.58629
-6.52352, -6.26739, -3.7052
9.1929, 1.36283, 0.393946
-5.45273, -3.77619, 7.13545
-0.273873, 4.91826, -8.81531
5.88084, 4.03712, -6.3261
-1.35402, 4.43133, 8.08533
-8.24522, -4.81177, -0.831952
-6.67901, -1.62293, 5.92213
-5.40703, -6.81693, -4.0835
7.53265, 3.67268, -4.23944
3.68438, 8.20487, -1.77638
-3.39706, 0.921663, 8.65984
-7.44164, 2.81418, 4.9394
8.90893, -1.28524, -3.80942
3.24681, -7.35855, -4.44456
0.110614, -9.19177, 1.72367
-7.75585, -4.16313, -2.64399
3.51684, -3.15921, 8.19385
-1.83445, -0.463623, 9.50037
-4.5845, -4.59936, 7.06328
0.121417, 4.51895, -8.47004
2.69436, 7.38606, 5.05683
6.76719, -5.24837, -5.03629
-6.0194, -1.44731, 6.73491
6.03876, 1.13442, 7.15791
-6.68177, -6.15689, -3.1914
3.38323, -6.19037, -5.97328
-4.48804, -4.57791, -6.63041
-2.32878, 8.64045, 3.97079
5.79612, 6.33896, -2.69483
7.74124, 3.94789, 4.56593
0.829505, 8.90609, -3.07038
7.09707, 5.58213, -0.962485
-6.11318, -0.221295, 6.34007
5.82859, -4.31547, -5.21929
4.94967, -0.392701, 7.79527
-2.37641, -6.79141, -6.30168
0.526904, 9.37888, 0.685214
0.449272, -9.60675, 0.360464
1.9478, -8.29313, 4.4168
-3.97095, 7.28775, -4.63795
-6.27247, -1.84161, -6.47696
-1.0141, 5.9723, -7.04471
8.29788, -3.66131, 1.96013
-6.38025, -6.54932, -3.06339
-5.35117, -4.38705, 6.72149
-7.60155, 3.13888, 4.58005
-0.201708, -2.63209, 9.06428
-3.95296, 8.65666, -3.60851
-1.44729, -8.88072, -3.14906
-7.49472, 5.02434, 3.54612
-6.12709, -2.68341, 6.58602
-2.00431, 5.52704, -7.12143
3.88402, 3.01266, -8.34857
-3.62537, 2.71876, 8.61592
-1.53416, -8.32192, 3.58166
-3.56699, 7.12987, -4.89499
0.78215, -9.36382, 1.2473
-5.45288, -7.2424, -0.0534606
-7.64213, 0.0415602, 4.49731
2.59831, -7.0929, 6.05249
9.5804, -0.571938, 2.75157
-2.1127, 2.80964, 8.63455
-7.0828, 0.613067, 5.42953
5.92637, 6.56005, -4.75612
-8.69824, -1.00948, -4.74385
-4.59476, 8.13018, 0.491769
3.22819, 0.88467, -8.88254
5.56153, 6.7243, -2.18733
-4.33762, 2.41854, 8.07468
-4.39901, 4.24236, -6.6675
7.85268, -4.81079, -0.337715
8.59528, -1.86406, -3.43193
-3.11062, 8.93382, 1.90727
-9.14344, 2.41114, 1.6166
2.07664, -1.77287, 9.17788
0.0369616, 1.30137, 9.86072
-0.20838, -3.24317, 8.86943
-1.52434, -1.03507, -9.41416
-8.25064, 2.74161, -3.7092
4.05824, 5.11573, -6.86982
-2.99521, 4.70361, -7.87534
5.65435, -6.39155, -4.29508
5.37893, -5.35701, -4.82135
3.37581, 8.20285, 3.72676
-8.79994, 2.94014, -0.716627
-6.89472, -6.25265, 1.91662
-1.87911, 6.34081, -7.2534
0.457363, -7.96137, -5.29594
-6.31855, -4.40852, -5.49213
8.18628, 0.915069, 4.58758
2.1828, 9.09481, 1.03501
3.12988, 3.28424, -8.49308
-8.9479, 0.852654, 0.834228
2.71284, 4.77984, 7.51865
6.06899, -6.49616, -4.44964
-7.02866, -1.05073, 4.75083
-4.27285, 2.83925, 7.98369
3.27044, -8.25191, -2.48552
-4.34127, -6.15131, -5.76693
-5.67966, -6.73357, -3.54992
-5.01697, 6.46533, 4.14859
-0.209951, -9.62242, 1.44625
5.2732, 4.30957, 6.77209
8.64765, -1.67234, -4.01176
-0.253357, -4.65929, 8.23789
-8.31098, 2.88569, 3.08157
-3.79138, -8.44038, 0.793405
0.47474, -8.22157, 4.04014
-2.40799, 7.27904, -5.59177
6.09784, 6.53587, -4.10663
-5.71512, -3.84953, 6.54281
-8.75975, -3.61223, -0.232815
2.13398, -5.45863, 7.47071
9.14042, -0.897143, 3.20826
4.94656, -7.94678, -0.886793
-2.22976, -8.65257, -4.02719
0.873847, 4.44856, -8.53579
2.97932, 5.56031, 7.00305
0.514789, 5.56664, 7.48594
2.67914, -0.897065, -9.20033
7.23163, 4.5771, 4.10135
-6.53702, -5.61328, -4.39628
3.20114, 8.20783, -2.54608
4.58068, -0.787491, 7.9923
7.49042, -4.57111, -4.49115
1.53444, 9.00566, -0.487133
-8.26925, -3.97296, 1.57942
6.3244, 6.69756, -1.07813
0.33677, -6.30012, -7.23166
-0.934417, 4.72295, -8.18469
-7.79718, -4.88299, 0.473086
-4.11767, -7.07203, 4.57314
-9.00272, -0.814106, -4.09426
3.57611, 8.73359, 2.48875
-9.00246, 1.06224, -0.0990997
-5.66418, 6.83777, 2.87468
6.37437, -6.00924, -2.37349
8.91958, 3.02297, 0.351482
-3.69393, -2.62146, -8.00252
7.05022, 0.340439, 5.92477
8.13971, 2.36899, -3.87612
0.406176, 9.20945, 2.43536
-1.47568, -0.51925, -9.47826
7.75022, 4.1484, -2.71274
-5.28665, 7.10621, -2.90716
6.0854, 6.2613, -2.35835
-8.45978, 4.12146, 2.20627
1.93423, 3.11574, 8.73496
0.431861, -1.76142, 9.32364
-3.11293, -2.98126, -8.11803
-6.55946, 5.26908, -3.77467
2.72462, 1.34, 9.13189
-6.34509, -6.46454, -0.883013
-1.41186, -8.32981, -5.11678
6.51837, -6.49963, -1.18444
-7.94943, -4.65507, 2.33317
-0.195327, 9.05486, -2.06049
4.92751, -6.14167, -4.36553
-1.60513, 8.97902, 3.2303
7.01158, 2.18849, 5.69502
4.01548, 3.00568, 7.56955
-6.87922, 5.82821, 2.45063
-4.90167, 3.75172, 7.05878
7.96474, -4.51881, 1.82887
-8.80484, 0.840564, -2.84255
-0.106239, -8.59987, -3.99647
8.76796, 3.54868, 0.482485
3.03547, 8.74664, 4.42818
0.200567, -6.44636, 6.68959
5.37997, 6.12228, 4.51313
-6.02467, -2.17803, 6.7486
-1.47587, -6.30465, -6.84434
4.69316, 7.32912, -2.37577
-7.67839, -5.0945, -0.945278
9.10243, -2.23438, -0.0300836
1.60961, -1.69227, -9.22682
-2.77721, -8.66296, -2.26634
-4.35007, -7.94069, -2.20127
0.378734, -7.37323, -6.0131
-8.75998, -2.56052, 0.290533
1.74538, -7.0489, -5.72786
-7.80969, -0.952476, -4.8021
-2.00575, -2.08503, 9.01119
7.75906, 4.3964, -4.94199
0.938907, 3.63864, -8.84046
3.39589, 8.55992, 3.8812
-0.461996, -0.245224, 9.90854
5.13766, 6.8233, -4.04327
-3.2093, 4.52133, 7.55326
3.4529, 8.17081, 4.40356
-0.519662, -10.107, 0.862377
-3.85646, 4.72822, 6.99512
-0.651054, -8.05281, 4.35691
3.06077, 8.57663, -1.21459
-1.58983, 9.26516, 1.32737
-7.80246, 4.97691, 2.17258
2.64729, -4.1775, 8.53488
7.32374, -6.08309, 0.0947281
0.128921, 9.3616, 1.06813
-4.81797, -7.28863, -3.52226
-3.87252, -6.54084, 5.40262
4.09237, 0.821077, -8.53604
9.13244, 0.47407, -3.60298
4.83938, 7.59059, -1.06414
2.56643, -3.6582, -8.5385
6.66214, 1.036, -6.05118
2.66351, -2.69399, -8.7091
3.54372, -2.21513, -8.42173
8.49254, -3.52564, 0.66783
3.4446, 6.74371, 5.70989
-6.53296, 3.93285, 5.73728
7.5392, -5.1749, -3.54131
-8.68516, 3.16755, 1.34399
0.51176, 8.43972, 4.51801
